131 463
277 473
2149 376
2963 377
2452 442
261 460
2683 463
427 445
1446 376
2438 486
340 408
2869 536
1698 630
1096 545
2224 568
629 474
857 590
1347 678
2014 437
712 280
800 464
1256 520
510 400
1298 32
1677 466
434 463
350 399
2511 376
2854 466
976 608
1093 561
1696 466
2443 474
1387 444
2690 587
320 437
2053 463
903 474
2458 474
2917 349
1064 376
1013 463
2325 437
904 463
1105 463
1163 148
1265 376
2167 527
2146 392
1130 553
2310 434
2679 626
374 595
1915 397
1857 360
676 516
1379 463
1575 389
1633 489
2766 124
1256 513
569 574
990 494
1716 486
1805 445
2439 463
2076 368
2359 377
321 436
2492 375
2433 566
931 383
315 568
707 617
1297 513
1864 393
28 257
2333 463
2024 229
2834 664
1637 380
1019 282
151 315
988 434
1190 376
1833 540
699 397
2368 437
674 486
2852 405
1506 506
1527 474
564 463
281 478
2401 349
902 595
631 244
1003 32
1188 428
2771 540
1866 343
422 426
1582 463
420 359
1252 608
577 216
2807 478
1524 478
1115 399
1735 545
1344 229
2136 436
947 635
338 466
82 376
2065 280
1680 349
2240 474
1768 376
1069 618
1499 513
1359 379
2211 376
1996 572
1800 376
2228 415
2876 463
86 592
973 606
408 376
598 474
1187 526
710 132
2034 132
840 132
2001 568
883 383
705 343
62 463
393 643
1705 379
2592 460
50 373
725 275
1878 474
972 503
2764 441
1956 434
2502 372
526 391
2552 442
278 618
2512 337
1579 526
2348 486
1162 583
2260 397
989 204
2515 283
1585 474
6 376
2945 437
2909 474
2278 482
864 486
630 399
2477 474
1031 29
2259 474
2390 360
2030 376
2432 398
85 376
116 315
1261 377
296 574
1920 437
2600 383
2113 527
2276 383
1748 618
173 389
288 496
2724 409
2777 486
2936 409
1541 545
2194 225
758 372
2749 437
1417 614
1707 486
75 94
2067 591
2867 409
1208 376
804 372
191 474
1227 510
1514 353
76 372
35 489
814 630
582 303
1587 343
622 510
856 551
307 408
1343 466
1669 393
2537 339
1844 349
1533 409
954 463
438 501
732 393
2191 171
1430 428
1561 466
2563 442
1247 359
2012 441
1086 463
1655 372
2508 463
1759 393
293 379
1026 470
2398 463
2303 441
1296 592
1471 560
937 474
314 434
1834 474
1798 428
446 376
2417 376
1474 379
905 479
457 463
2551 415
891 474
1714 225
27 46
2548 176
127 466
825 25
2108 437
388 416
33 551
161 474
1041 474
2290 344
406 448
1257 537
331 401
948 400
1720 393
2571 442
194 463
272 1
1228 229
570 539
89 371
1244 464
784 28
1198 463
1142 349
2889 463
155 301
2819 463
1599 459
2367 543
943 474
1968 204
2949 150
2376 360
1368 463
2305 448
550 198
920 349
699 337
1994 464
2577 586
795 434
1614 400
2821 400
2588 94
1038 466
2589 466
1784 437
64 466
1094 464
157 463
1354 463
1477 473
322 408
2611 466
901 376
1825 486
1820 526
1184 527
2830 586
756 386
2556 644
1981 606
1183 373
788 213
767 459
1400 376
1485 229
2840 198
1986 229
344 349
1727 486
228 463
1398 526
1104 442
1335 618
946 463
176 460
2532 126
1906 390
1063 539
2219 181
694 474
1699 320
368 514
890 445
2847 132
93 437
2727 376
978 432
740 535
508 124
209 408
1752 383
1959 204
1728 129
1270 474
1288 132
441 474
139 463
2464 409
61 563
25 133
2868 474
2504 376
1141 465
951 261
2081 595
779 372
2934 148
58 348
1304 466
1378 376
1932 463
1312 376
1207 517
709 463
1475 337
639 448
353 474
15 376
2736 474
17 349
834 642
1642 608
120 442
643 535
1116 466
2181 478
1103 409
895 516
1794 568
1452 466
2039 437
1672 373
3 496
1283 526
749 97
1336 486
1923 506
1099 356
2434 563
2394 376
149 258
2293 466
2019 442
303 473
533 368
2270 383
1085 349
1078 376
460 474
571 448
2858 390
1597 526
1017 568
1982 397
1278 410
1113 408
887 560
860 171
1049 397
1218 370
2904 426
1287 543
1372 442
1619 474
1313 587
56 337
2827 442
1875 383
2227 516
404 212
2033 446
114 442
2481 383
2616 337
868 261
2581 478
518 484
302 408
192 408
2897 435
1451 386
184 512
1433 334
2540 485
1770 376
2538 379
2891 564
1829 420
846 537
2710 587
140 474
2344 171
1048 478
1568 379
1308 478
2462 445
715 463
1792 618
2744 645
1563 400
2475 181
2636 463
921 409
1068 349
655 513
2330 474
597 592
2192 441
311 408
2080 171
2606 642
1167 478
2221 442
959 376
1016 464
2471 454
1581 512
90 527
754 466
1867 569
367 657
849 389
1428 225
1775 441
785 537
1210 337
771 478
801 359
2950 328
1465 474
2460 442
1710 409
1054 520
123 437
1370 223
2723 376
2721 460
2878 568
1839 229
2631 486
87 400
536 463
2774 463
2660 380
2162 383
1876 370
1191 376
2884 420
1894 474
40 343
461 576
2574 459
2479 355
2457 400
515 124
2732 478
2646 349
2387 478
448 343
381 377
1161 355
480 470
2045 478
1882 377
444 318
1328 132
755 474
92 399
2491 283
2448 258
1082 148
1945 533
1723 376
2520 478
2317 568
1545 393
886 463
2954 381
2525 464
875 586
49 279
2048 463
250 258
649 466
2835 466
769 405
1583 492
1469 560
2485 442
2178 428
326 428
1806 376
985 98
2953 540
2896 474
44 359
1045 463
2316 474
1679 376
1831 132
376 694
2900 358
1885 540
2168 641
1640 213
491 225
1501 92
1703 466
2612 464
2709 550
1365 29
2862 376
309 442
1503 448
2625 478
648 437
1577 470
2722 659
52 349
2536 315
1324 466
670 474
1059 229
2163 400
1253 258
1975 526
2790 383
2010 540
1073 261
2166 157
2803 603
224 349
2206 463
146 335
1254 376
1904 474
449 527
1146 486
363 377
977 618
595 376
2673 382
2675 368
2521 422
949 455
218 444
2622 368
1276 463
258 198
1595 400
2446 368
2461 551
102 441
852 595
523 437
1117 464
416 579
970 132
1300 666
336 348
1908 261
1739 132
1763 388
1523 337
2617 466
1624 376
12 485
492 464
2037 379
975 390
1160 399
1554 366
1726 463
2054 388
1922 349
923 397
419 400
29 241
1149 376
286 474
2798 437
2700 376
2793 409
579 316
934 445
1120 408
874 466
2624 441
468 532
1001 543
2324 399
1682 463
2609 376
8 540
2273 428
844 485
1373 376
507 166
2713 376
2486 460
1855 380
880 293
398 369
494 379
1043 380
997 229
2246 474
1782 373
1961 426
1211 540
2575 478
287 545
2590 132
2618 408
987 537
335 538
1095 28
2427 435
2413 26
2745 466
362 377
1793 463
2089 486
1281 623
1271 409
958 148
454 463
1907 463
80 583
1957 485
2216 668
2230 486
1684 463
1442 463
2513 257
284 564
1801 608
1828 437
115 645
1410 376
183 349
2853 442
2663 437
789 466
55 587
750 376
2808 11
548 436
2118 545
1289 349
1987 474
2534 464
1786 568
941 204
2962 94
349 463
130 376
2412 551
1592 409
1567 151
2703 473
641 644
2453 466
827 618
2380 474
1419 540
993 540
2664 540
2176 357
359 634
826 478
1479 492
1458 463
672 25
2331 171
1717 400
294 379
1495 244
1871 545
1861 485
254 383
2215 452
389 340
589 382
1520 463
774 389
2621 644
2604 349
1625 474
2831 437
1156 485
411 383
2099 477
606 396
21 474
2623 399
2213 478
2648 520
2704 400
650 618
2447 566
237 478
2712 435
472 580
1713 437
2277 386
429 586
2074 474
2469 422
299 576
1504 33
1480 315
1128 431
1643 482
356 540
1396 460
2156 348
1460 606
932 92
431 349
2416 464
505 349
2601 474
14 376
1531 460
2346 464
2467 441
210 464
1456 241
2243 349
132 198
2922 376
1850 466
1274 513
2254 463
1741 204
2059 355
32 405
2973 426
2338 181
1612 244
2756 474
2109 349
544 377
1814 408
2144 437
881 463
1277 463
1810 568
1246 521
686 409
1181 148
765 448
786 466
1537 560
729 463
1626 334
658 379
269 258
453 368
2748 464
2335 140
811 608
1656 678
1219 464
1970 410
1180 618
853 376
317 513
626 566
2409 376
2161 477
1797 376
1510 229
1694 466
1753 370
2134 355
1175 448
1388 444
2421 409
2894 377
2125 477
2758 474
2261 526
1209 466
13 397
1226 474
2077 383
1700 399
2752 225
1193 405
1374 1
1132 397
1243 399
687 376
1351 497
2322 423
2561 383
2357 285
91 257
1394 148
2172 618
657 349
1608 587
2506 587
1309 580
841 383
2877 400
279 478
1255 474
1390 428
2055 437
1196 463
1407 376
1505 225
2484 380
1214 492
2770 464
1897 409
1496 442
2530 442
1014 239
1980 380
2667 474
95 569
1818 441
119 464
2587 658
885 493
1811 98
713 589
1674 393
541 124
2850 490
1058 466
522 318
1688 400
2610 383
592 473
1940 379
2691 376
1930 617
2809 441
198 257
1519 464
156 442
141 376
1127 431
1737 1
1530 618
1760 463
271 376
1320 474
897 408
2177 520
1171 474
610 371
2784 148
2415 486
1521 409
935 463
503 526
1995 214
2280 383
2281 478
361 473
306 507
778 474
150 692
1536 379
2340 181
1666 69
195 382
1087 463
2073 139
409 567
399 108
2924 460
684 540
1240 373
1816 386
240 253
2152 204
2864 463
1493 473
1139 1
1436 379
2755 370
117 617
1088 398
2802 379
793 373
2035 661
2159 586
2687 376
1687 466
2314 216
2941 570
1432 148
5 540
2189 404
72 380
773 466
2828 400
2499 482
354 198
2212 148
241 520
2202 339
721 466
952 463
1891 441
2222 229
341 437
708 376
2662 478
450 64
105 339
837 393
1667 360
1967 409
383 478
2629 437
2082 376
761 244
2445 181
1434 466
1799 618
1709 395
742 550
1084 526
2274 132
1421 463
1683 409
2565 376
2579 122
1511 486
611 581
345 450
2654 512
148 671
2047 132
1489 383
2005 381
968 626
1927 474
1880 444
1302 466
2140 397
2842 463
490 442
2107 512
174 383
1159 417
2193 466
18 442
1217 535
980 617
1590 52
305 380
714 533
1481 540
2961 135
1202 448
2289 380
270 485
1067 592
239 473
2022 667
678 383
1011 379
1061 617
1933 372
2833 437
983 551
2674 376
1911 466
2456 474
2959 463
1033 409
2844 437
608 543
1693 644
1021 372
768 513
1790 132
2693 489
836 234
766 360
1472 442
107 349
2440 389
1921 463
1174 589
292 379
2414 463
2286 434
275 349
1462 383
1494 349
919 227
2652 659
2375 617
473 240
2701 463
497 536
647 496
2307 225
2608 376
734 28
854 464
2705 463
2116 452
467 574
1758 587
2347 370
1671 587
2362 466
477 377
681 148
2607 474
79 485
513 236
2088 442
599 474
506 398
2815 132
1263 664
66 376
2410 478
832 464
1807 463
2875 482
1427 108
323 350
2366 376
2643 106
2503 106
614 618
563 46
1111 464
2902 553
2498 349
104 553
219 376
2848 383
1497 343
324 408
111 395
2309 463
1890 29
848 390
2493 344
1358 527
2396 437
1712 512
2268 405
1272 512
1165 463
1868 474
2050 442
1611 376
2196 28
371 376
1574 448
2885 408
300 408
1749 379
677 399
1745 7
2442 376
2016 202
871 395
2131 658
2218 213
2049 410
212 473
762 644
1965 545
298 378
573 466
365 349
24 540
2488 644
2914 587
54 29
753 589
640 261
1301 461
2373 464
537 539
245 377
831 337
2091 464
135 526
2861 463
1457 390
560 463
445 435
163 175
2975 225
2382 383
285 566
1604 379
2153 466
96 532
1702 132
1009 397
1766 398
2269 473
1170 393
1658 512
619 292
22 437
2590 553
1081 486
2669 376
1638 466
2087 432
496 478
2304 198
950 356
68 376
879 435
1918 434
1241 678
1355 349
1134 372
2641 383
2476 560
2349 658
231 463
625 553
2638 364
2753 258
23 376
1588 376
565 478
2838 463
332 444
147 583
2188 442
1718 478
1903 204
645 466
2658 366
2765 195
2541 466
1236 527
859 520
1461 477
1311 606
2301 463
103 474
273 437
1318 434
2023 486
2002 494
424 177
760 537
330 377
1837 358
485 377
308 426
262 478
2170 426
1791 393
580 466
2951 94
1331 359
2586 442
329 225
2743 478
1621 148
466 473
2320 478
2866 359
1654 519
2360 181
728 533
2145 478
2870 337
2063 449
2545 376
527 46
996 585
2378 464
1488 464
1047 501
364 229
402 547
899 346
1731 441
2422 591
2126 442
1025 463
355 545
1147 125
442 376
927 376
2817 370
2845 1
2558 466
2832 106
1546 132
1963 442
482 376
98 463
738 399
207 397
2738 474
1280 399
1796 359
1346 463
2812 527
2494 658
2441 463
566 489
400 360
1532 442
744 463
984 474
2411 474
2267 434
2657 560
2403 463
2068 188
858 513
159 474
1566 25
2859 132
1110 608
2142 474
590 356
842 568
2546 106
2306 441
520 450
1385 662
1473 576
421 466
671 463
1690 478
1551 393
1235 389
737 132
1937 426
747 486
1195 396
312 436
1459 603
2374 386
698 275
386 477
2042 572
2811 644
2404 540
2450 566
2519 474
2428 560
1106 448
2903 466
969 463
726 390
232 377
1486 486
45 188
2644 422
926 400
221 463
596 478
1476 474
1317 376
723 466
862 360
2689 533
1413 474
1991 618
2400 376
1662 376
1769 527
956 474
413 536
2419 31
2685 463
1345 486
555 474
1004 282
741 370
1046 540
845 360
348 428
2483 463
211 223
1364 474
1092 615
511 474
2075 198
53 545
158 135
966 400
1298 563
2298 349
2148 463
199 435
2549 448
892 526
2239 485
1902 474
872 614
2958 437
2789 474
909 474
1819 376
1765 376
2517 360
1205 463
1392 225
2454 482
680 526
601 474
377 350
259 279
343 328
2006 434
2086 478
2437 204
1125 389
982 360
2856 452
981 527
1589 379
48 510
2072 463
458 24
1316 526
1438 520
42 377
375 377
2762 512
1275 428
1603 383
1909 463
319 426
2343 355
1732 527
1402 393
1610 445
1152 474
745 616
587 226
633 463
2935 590
1673 373
2605 437
584 474
790 478
2041 602
395 606
2103 463
2598 442
2555 563
612 437
2697 464
819 372
2313 376
2444 606
1977 474
514 404
2130 463
1754 249
2408 463
1371 376
2829 463
391 410
1675 666
2846 349
603 694
2334 464
1843 181
1851 540
805 486
1262 466
869 349
2101 355
1695 442
1200 617
2873 292
243 301
118 370
213 472
414 565
604 181
2182 359
1978 376
2544 466
1285 261
782 397
504 567
1056 463
1757 372
2596 279
2295 349
1221 493
1349 370
1299 444
2351 376
1938 444
2031 361
1550 213
2948 94
1928 171
2580 463
2020 400
613 474
496 354
1924 486
701 474
1395 617
2776 493
412 441
2699 464
2028 463
1341 380
692 383
1411 442
1657 444
1936 448
204 161
1976 485
2430 361
2676 565
1023 513
1079 560
877 463
1137 437
143 349
1859 463
1824 372
623 378
36 148
396 400
2797 379
1404 463
2761 383
289 540
179 486
1435 397
2823 474
1007 343
4 478
2505 428
2132 382
387 616
703 1
1873 644
1832 617
1057 444
2514 560
2487 474
1144 359
1664 229
2329 418
1282 593
746 30
2717 138
1999 376
2731 522
821 393
695 526
264 279
668 339
126 566
1334 513
1204 466
1516 376
1268 33
2495 360
1155 437
1249 400
1329 590
830 372
817 644
2312 465
1439 485
1722 393
2782 159
291 377
2568 545
1777 381
215 396
731 653
2282 405
2788 383
2888 349
2779 474
884 463
1860 452
2100 204
2630 522
539 204
1645 478
2406 400
455 279
1206 87
2143 405
535 429
1639 474
1634 395
1780 376
653 463
2226 376
337 547
2603 474
1102 386
2106 376
1962 666
1874 463
1836 579
2129 474
810 377
2326 132
646 437
469 129
2291 428
63 694
1772 437
2550 474
2920 381
2899 376
757 63
1319 466
2637 337
2393 466
1934 405
816 489
1835 241
1389 389
432 559
304 379
1339 527
2253 444
1050 485
1593 379
1273 466
1326 463
2620 380
2851 20
2880 583
69 261
1949 474
1812 473
2233 540
770 129
110 30
2064 400
918 540
2597 434
574 402
542 409
2355 474
914 463
2584 28
327 377
2570 315
1412 603
2062 376
878 486
256 383
297 587
253 590
1121 400
60 376
2472 181
1010 400
963 568
1444 568
1613 587
2547 665
175 92
2529 466
667 435
1362 281
2090 376
2114 383
1057 553
1559 383
2824 450
46 257
1869 478
2516 466
551 568
2363 540
855 379
2923 428
2 257
1661 367
777 466
30 463
605 609
495 488
465 501
689 527
1795 148
776 340
1862 399
1586 618
346 474
2043 536
456 410
1340 376
1384 380
704 448
2757 474
798 478
876 614
1973 317
1008 545
917 132
1902 668
2839 463
843 567
829 445
2318 614
1665 478
2531 442
636 379
2200 360
2593 383
662 376
2284 380
1215 502
2007 617
2104 568
360 463
2653 343
1616 464
938 642
2372 474
1199 437
2386 359
792 383
2319 464
2339 644
1034 349
1870 568
1284 560
230 349
2522 367
1062 533
1925 355
1990 474
1223 349
593 377
2810 540
229 149
193 399
1098 444
2135 463
2887 376
772 29
2241 442
787 463
2013 583
2058 463
2237 405
2256 444
109 124
185 349
1251 379
1898 463
1039 659
2315 466
51 399
78 370
2905 135
2342 568
2451 25
873 132
2154 145
2358 317
1179 618
2671 88
2356 478
2271 474
282 480
2567 466
683 448
1979 486
1440 383
1237 350
538 473
998 140
474 403
1286 464
1983 376
635 449
624 463
1548 355
2199 539
1203 435
1197 474
1266 463
967 568
2680 349
888 188
1847 393
1853 349
1097 373
1314 463
1697 437
1259 526
2336 482
2361 478
2800 184
1148 349
2283 463
2728 420
394 658
246 617
1823 474
1114 409
1376 383
1136 339
2826 383
807 399
392 18
1185 617
2258 225
2473 219
189 434
1500 503
1892 434
462 435
1972 376
122 474
1415 376
2645 373
1600 478
2860 586
1361 132
1292 545
665 441
642 386
1040 92
930 535
700 560
145 464
2323 448
260 420
955 494
333 135
661 463
2238 353
370 517
2964 395
2468 617
1764 478
154 553
177 540
557 376
1015 165
1464 359
1065 373
1303 343
2425 381
202 463
1422 644
2217 244
519 694
1659 448
251 474
142 393
2792 390
2639 204
1572 204
2466 463
594 348
2384 442
1858 399
2248 349
1689 204
2843 461
797 280
0 445
2634 466
1443 376
1463 376
1176 28
1012 309
2137 617
1060 383
1279 302
162 474
2392 434
144 666
2008 545
2890 463
342 426
2465 474
2321 244
1194 229
1840 448
992 589
1429 622
1212 608
2564 642
112 603
2350 437
2009 464
2573 46
512 377
47 426
748 244
1886 367
2677 204
554 376
889 464
70 463
2021 346
1502 464
724 434
1879 474
1075 474
1055 140
2111 124
2251 545
2967 692
2725 540
2740 437
500 426
806 381
1380 389
2158 441
1525 400
656 486
1852 568
1381 486
1051 217
1808 441
295 450
1224 275
2814 397
2079 474
720 537
1201 645
915 383
1220 486
415 401
1124 442
711 435
1704 576
2389 602
1305 434
2242 349
2915 527
2865 463
2173 380
2930 327
961 380
974 537
517 477
20 464
2929 32
2354 474
2122 444
1478 536
1845 474
1601 444
352 474
1848 658
2615 474
2232 198
2353 446
1562 618
2299 339
1424 349
181 693
2076 442
1482 376
2423 386
893 383
2463 463
835 401
764 223
2970 527
1651 281
1022 397
2714 617
2365 563
1238 261
2585 463
679 428
823 383
1131 485
2510 413
2435 463
2742 571
2096 449
1260 466
1028 28
2576 536
812 466
2078 463
752 545
2032 463
1225 376
2594 668
1573 442
235 463
2702 694
1018 452
1222 340
417 616
942 540
2285 383
736 463
205 486
1129 464
1686 466
268 466
452 574
1773 383
664 466
2734 408
2729 408
310 447
1002 474
2518 395
197 435
2025 198
1598 444
2694 448
290 368
1646 397
628 395
1338 316
1070 198
2688 381
1543 448
106 441
2707 379
2257 380
372 124
2698 148
2190 568
659 400
2255 394
1685 463
2526 349
2837 376
2944 598
727 132
2003 419
2370 419
2583 419
2252 419
479 419
1939 419
2841 419
101 419
1158 419
828 419
97 419
2751 419
673 419
822 419
67 419
1734 419
2960 419
1743 419
2205 419
2470 419
1883 419
170 419
809 419
1631 419
1484 419
2816 419
2535 419
654 419
1706 419
2247 419
1914 419
2345 419
971 419
2105 419
2919 419
1538 419
2294 419
1216 419
1405 419
1606 419
696 419
808 419
1509 419
940 419
1881 419
861 419
617 419
1164 419
2911 419
77 419
965 419
568 419
1721 419
2266 419
1729 419
2672 419
1622 419
1919 419
634 419
1133 419
1186 419
567 419
1391 419
2806 419
1761 419
2478 419
2805 419
1778 419
1508 419
2026 419
478 419
2640 419
1005 419
153 419
37 419
1154 419
916 419
1804 419
2449 419
722 419
1827 419
2110 419
2180 419
2760 419
1747 419
2027 419
475 419
2908 419
1725 419
325 419
1080 419
1627 419
1628 419
1487 419
1529 419
2174 419
1178 419
2249 419
1951 419
908 419
964 419
2881 419
1539 419
962 419
516 419
1540 419
1803 419
1751 419
1708 419
979 419
227 419
2018 419
2187 419
763 419
1234 419
1416 419
2264 419
1100 419
2036 419
26 419
2656 419
2559 419
1231 419
1985 419
2165 419
2769 419
1431 419
1607 419
2120 419
2874 419
1648 419
1895 419
1420 419
2940 419
2665 419
2352 419
2061 419
1767 419
1177 419
866 419
443 419
2849 419
820 419
2407 419
1449 419
1150 419
1885 419
1399 419
2098 419
1168 419
426 419
2272 419
2357 419
43 419
2117 419
1596 419
2651 419
1952 419
2364 419
2185 419
1294 419
2480 419
865 419
1157 419
1544 419
739 419
1173 419
2767 419
226 419
1742 419
247 419
751 419
1350 419
1569 419
2102 419
1269 419
2051 419
585 419
1953 419
2928 419
190 419
2369 419
222 419
2236 419
2863 419
2431 419
735 419
2939 419
2112 419
2311 419
1602 419
249 419
2684 419
1617 419
1453 419
1409 419
2857 419
2628 419
1353 419
1042 419
2938 419
1942 419
11 419
166 419
2308 419
1118 419
2560 419
1558 419
813 419
1691 419
2974 419
1528 419
108 419
1701 419
2971 419
1083 419
2056 419
2965 419
2655 419
791 419
660 419
2635 419
1321 419
2150 419
1746 419
1408 419
2591 419
1815 419
2523 419
1325 419
1535 419
1776 419
2602 419
2381 419
1448 419
1565 419
1518 419
2397 419
1342 419
1522 419
1414 419
1935 419
1630 419
863 419
581 419
2750 419
1112 419
2123 419
2204 419
2496 419
186 419
1330 419
1663 419
1426 419
172 419
2582 419
1119 419
318 419
1629 419
794 419
1783 419
2046 419
214 419
803 419
1108 419
1974 419
1888 419
1950 419
1044 419
2533 419
1993 419
2139 419
588 419
1944 419
743 419
1423 419
2647 419
2155 419
1035 419
2071 419
2292 419
2208 419
933 419
2297 419
74 419
1327 419
1293 419
19 419
1555 419
2210 419
1719 419
1071 419
2011 419
2057 419
1393 419
2085 419
1955 419
1090 419
1788 419
2234 419
328 419
1744 419
1542 419
685 419
957 419
912 419
1740 419
1676 419
2893 419
2133 419
59 419
267 419
2402 419
1066 419
994 419
1348 419
2229 419
1037 419
2595 419
1074 419
1724 419
1382 419
521 419
216 419
530 419
2796 419
1377 419
986 419
2083 419
2681 419
2128 419
1245 419
2927 419
2910 419
2095 419
1517 419
1557 419
1620 419
1052 419
1367 419
200 419
2069 419
1560 419
1233 419
2678 419
1998 419
2029 419
1817 419
1360 419
896 419
1578 419
1711 419
1515 419
1239 419
405 419
1418 419
1929 419
2420 419
2489 419
635 419
591 419
1513 419
922 419
2627 419
2070 419
1564 419
1397 419
1733 419
669 419
2913 419
1230 419
2708 419
2907 419
2542 419
1445 419
1969 419
2898 419
2262 419
719 419
2275 419
2783 419
2124 419
1653 419
1248 419
34 419
203 419
1635 419
1926 419
1738 419
1450 419
1576 419
2288 419
2296 419
255 419
2539 419
1467 419
2385 419
1000 419
2614 419
960 419
2371 419
1490 419
2399 419
1027 419
1109 419
1668 419
1182 419
1931 419
499 419
2906 419
2933 419
1512 419
1029 419
2780 419
1887 419
1830 419
780 419
2169 419
1466 419
882 419
1526 419
2818 419
1492 419
1295 419
1647 419
1123 419
2084 419
847 419
2004 419
1375 419
2599 419
1107 419
2490 419
1172 419
2613 419
1785 419
2952 419
928 419
717 419
84 419
1912 419
2302 419
2017 419
2912 419
1468 419
1884 419
2092 419
160 419
1889 419
1821 419
1169 419
2164 419
2000 419
716 419
543 419
2179 419
1306 419
197 419
379 419
2119 419
2265 419
1650 419
1910 419
1032 419
7 419
1143 419
2730 419
851 419
9 419
2720 419
1369 419
2250 419
1594 419
1893 419
1425 419
2225 419
1809 419
1437 419
2279 419
2668 419
1756 419
1498 419
2754 419
1916 419
1856 419
2942 419
2341 419
913 419
31 419
2147 419
1802 419
1091 419
1333 419
2327 419
1401 419
2509 419
2391 419
2543 419
1841 419
1470 419
1406 443
1414 443
2395 443
334 443
2300 443
2825 443
1984 443
2572 443
944 443
2886 443
2735 443
2715 443
2785 443
702 443
2932 443
357 443
71 443
775 443
2557 443
1213 443
2883 443
1053 443
1946 443
1122 443
1547 443
2038 443
1877 443
1020 443
2795 443
534 443
2799 443
88 443
2524 443
1072 443
2151 443
850 443
2220 443
301 443
2820 443
1151 443
1917 443
238 443
995 443
1310 443
1779 443
637 443
266 443
682 443
2773 443
2444 443
94 443
1024 443
2482 443
2097 443
2719 443
169 443
818 443
2895 443
471 443
847 443
2879 443
746 443
1363 443
502 443
265 443
2946 443
1849 443
418 443
838 443
1153 443
1250 443
1531 443
233 443
1618 443
1290 443
2968 443
531 443
688 443
546 443
1872 443
1736 443
939 443
236 443
925 443
2157 443
552 443
1813 443
894 443
1580 443
870 443
1138 443
358 443
2746 443
824 443
638 443
2287 443
2737 443
476 443
168 443
481 443
2337 443
2925 443
2093 443
2926 443
2578 443
2955 443
1383 443
180 443
276 443
558 443
553 443
2040 443
1963 443
489 443
1232 443
83 443
369 443
274 443
1781 443
2231 443
206 443
1455 443
1036 443
1030 443
2198 443
2855 443
1447 443
600 443
615 443
1126 443
2424 443
2015 443
425 443
113 443
2418 443
373 443
167 443
2429 443
2566 443
1789 443
1762 443
911 443
1896 443
1865 443
1681 443
547 443
2377 443
616 443
618 443
860 443
2794 443
2787 443
1570 443
1771 443
2931 443
2263 443
378 443
2527 443
693 443
462 443
263 443
1899 443
403 443
1954 443
136 443
182 443
2235 443
2692 443
1242 443
666 443
2871 443
2066 443
225 443
1291 443
129 443
1846 443
501 443
2209 443
1357 443
16 443
2775 443
1988 443
545 443
799 443
898 443
524 443
385 443
586 443
1863 443
1584 443
796 443
73 443
188 443
1605 443
1822 443
2094 443
196 443
2741 443
1332 443
1826 443
447 443
1893 443
759 443
621 443
488 443
2763 443
2183 443
540 443
528 443
833 443
691 443
2388 443
1352 443
609 443
1755 443
1491 443
407 443
138 443
1989 443
435 443
583 443
2716 443
2901 443
2186 443
2175 443
651 443
1140 443
2244 443
2711 443
397 443
1507 443
1900 443
2872 443
644 443
1552 443
351 443
1077 443
1854 443
2121 443
484 443
297 443
252 443
410 443
382 443
2141 443
436 443
1229 443
137 443
2916 443
2649 443
2195 443
2686 443
384 443
2474 443
1609 443
1145 443
2500 443
802 443
733 443
2197 443
1905 443
2957 443
1692 443
134 443
1774 443
1992 443
39 443
1652 443
100 443
991 443
2706 443
124 443
663 443
171 443
2569 443
2759 443
627 443
578 443
2650 443
2115 443
2379 443
907 443
433 443
1960 443
2383 443
783 443
575 443
1315 443
2201 443
2786 443
428 443
1948 443
10 443
439 443
2695 443
2747 443
217 443
1556 443
1971 443
2778 443
1258 443
929 443
2733 443
529 443
464 443
125 443
2918 443
1189 443
1966 443
559 443
459 443
1 443
164 443
1322 443
2813 443
2781 443
697 443
576 443
99 443
2739 443
1135 443
2214 443
509 443
487 443
128 443
440 443
208 443
401 443
1549 443
2947 443
1076 443
2207 443
390 443
1006 443
2804 443
652 443
1641 443
1571 443
316 443
2501 443
607 443
1267 443
2822 443
234 443
1964 443
486 443
280 443
223 443
1913 443
1323 443
1553 443
2966 443
1307 443
187 443
562 443
953 443
2328 443
1842 443
556 443
1838 443
1660 443
1901 443
730 443
1615 443
463 443
2670 443
945 443
2455 443
2626 443
839 443
1192 443
2666 443
2969 443
2718 443
2497 443
1403 443
2405 443
1454 443
2791 443
2726 443
675 443
57 443
283 443
498 443
1787 443
244 443
1715 443
2772 443
201 443
1750 443
1941 443
121 443
2052 443
2619 443
65 443
2160 443
1386 443
2459 443
561 443
133 443
2528 443
781 443
470 443
2184 443
2642 443
2553 443
493 443
2138 443
2937 443
936 443
81 443
380 443
2768 443
906 443
602 443
1958 443
867 443
1670 443
532 443
152 443
2245 443
2203 443
2659 443
220 443
165 443
1101 443
257 443
910 443
1741 443
242 443
1264 443
1166 443
2972 443
1356 443
924 443
347 443
1649 443
178 443
2507 443
437 443
483 443
632 443
2060 443
430 443
525 443
2223 443
2661 443
248 443
2882 443
313 443
549 443
1632 443
1337 443
2956 443
451 443
1730 443
1943 443
2127 443
423 443
1947 443
1534 443
718 443
456 443
1591 443
690 443
2892 443
2426 443
1089 443
2921 443
1441 443
2171 443
1678 443
2562 443
2682 443
2696 443
2044 443
1483 443
1636 443
2633 443
706 443
339 443
2836 443
2801 443
999 443
620 443
815 443
572 443
1366 443
41 443
2332 443
2943 443
2436 443
38 443
1623 443
366 443
2632 443
900 443
2554 443
1644 443
1997 443
