131 463
277 473
2149 376
2963 377
2452 442
261 460
2683 463
427 445
1446 376
2438 486
340 408
2869 536
1698 630
1096 545
2224 568
629 474
857 590
1347 678
2014 437
712 280
800 464
1256 520
510 400
1298 32
1677 466
434 463
350 399
2511 376
2854 466
976 608
1093 561
1696 466
2443 474
1387 444
2690 587
320 437
2053 463
903 474
2458 474
2917 349
1064 376
1013 463
2325 437
904 463
1105 463
1163 148
1265 376
2167 527
2146 392
1130 553
2310 434
2679 626
374 595
1915 397
1857 360
676 516
1379 463
1575 389
1633 489
2766 124
1256 513
569 574
990 494
1716 486
1805 445
2439 463
2076 368
2359 377
321 436
2492 375
2433 566
931 383
315 568
707 617
1297 513
1864 393
28 257
2333 463
2024 229
2834 664
1637 380
1019 282
151 315
988 434
1190 376
1833 540
699 397
2368 437
674 486
2852 405
1506 506
1527 474
564 463
281 478
2401 349
902 595
631 244
1003 32
1188 428
2771 540
1866 343
422 426
1582 463
420 359
1252 608
577 216
2807 478
1524 478
1115 399
1735 545
1344 229
2136 436
947 635
338 466
82 376
2065 280
1680 349
2240 474
1768 376
1069 618
1499 513
1359 379
2211 376
1996 572
1800 376
2228 415
2876 463
86 592
973 606
408 376
598 474
1187 526
710 132
2034 132
840 132
2001 568
883 383
705 343
62 463
393 643
1705 379
2592 460
50 373
725 275
1878 474
972 503
2764 441
1956 434
2502 372
526 391
2552 442
278 618
2512 337
1579 526
2348 486
1162 583
2260 397
989 204
2515 283
1585 474
6 376
2945 437
2909 474
2278 482
864 486
630 399
2477 474
1031 29
2259 474
2390 360
2030 376
2432 398
85 376
116 315
1261 377
296 574
1920 437
2600 383
2113 527
2276 383
1748 618
173 389
288 496
2724 409
2777 486
2936 409
1541 545
2194 225
758 372
2749 437
1417 614
1707 486
75 94
2067 591
2867 409
1208 376
804 372
191 474
1227 510
1514 353
76 372
35 489
814 630
582 303
1587 343
622 510
856 551
307 408
1343 466
1669 393
2537 339
1844 349
1533 409
954 463
438 501
732 393
2191 171
1430 428
1561 466
2563 442
1247 359
2012 441
1086 463
1655 372
2508 463
1759 393
293 379
1026 470
2398 463
2303 441
1296 592
1471 560
937 474
314 434
1834 474
1798 428
446 376
2417 376
1474 379
905 479
457 463
2551 415
891 474
1714 225
27 46
2548 176
127 466
825 25
2108 437
388 416
33 551
161 474
1041 474
2290 344
406 448
1257 537
331 401
948 400
1720 393
2571 442
194 463
272 1
1228 229
570 539
89 371
1244 464
784 28
1198 463
1142 349
2889 463
155 301
2819 463
1599 459
2367 543
943 474
1968 204
2949 150
2376 360
1368 463
2305 448
550 198
920 349
699 337
1994 464
2577 586
795 434
1614 400
2821 400
2588 94
1038 466
2589 466
1784 437
64 466
1094 464
157 463
1354 463
1477 473
322 408
2611 466
901 376
1825 486
1820 526
1184 527
2830 586
756 386
2556 644
1981 606
1183 373
788 213
767 459
1400 376
1485 229
2840 198
1986 229
344 349
1727 486
228 463
1398 526
1104 442
1335 618
946 463
176 460
2532 126
1906 390
1063 539
2219 181
694 474
1699 320
368 514
890 445
2847 132
93 437
2727 376
978 432
740 535
508 124
209 408
1752 383
1959 204
1728 129
1270 474
1288 132
441 474
139 463
2464 409
61 563
25 133
2868 474
2504 376
1141 465
951 261
2081 595
779 372
2934 148
58 348
1304 466
1378 376
1932 463
1312 376
1207 517
709 463
1475 337
639 448
353 474
15 376
2736 474
17 349
834 642
1642 608
120 442
643 535
1116 466
2181 478
1103 409
895 516
1794 568
1452 466
2039 437
1672 373
3 496
1283 526
749 97
1336 486
1923 506
1099 356
2434 563
2394 376
149 258
2293 466
2019 442
303 473
533 368
2270 383
1085 349
1078 376
460 474
571 448
2858 390
1597 526
1017 568
1982 397
1278 410
1113 408
887 560
860 171
1049 397
1218 370
2904 426
1287 543
1372 442
1619 474
1313 587
56 337
2827 442
1875 383
2227 516
404 212
2033 446
114 442
2481 383
2616 337
868 261
2581 478
518 484
302 408
192 408
2897 435
1451 386
184 512
1433 334
2540 485
1770 376
2538 379
2891 564
1829 420
846 537
2710 587
140 474
2344 171
1048 478
1568 379
1308 478
2462 445
715 463
1792 618
2744 645
1563 400
2475 181
2636 463
921 409
1068 349
655 513
2330 474
597 592
2192 441
311 408
2080 171
2606 642
1167 478
2221 442
959 376
1016 464
2471 454
1581 512
90 527
754 466
1867 569
367 657
849 389
1428 225
1775 441
785 537
1210 337
771 478
801 359
2950 328
1465 474
2460 442
1710 409
1054 520
123 437
1370 223
2723 376
2721 460
2878 568
1839 229
2631 486
87 400
536 463
2774 463
2660 380
2162 383
1876 370
1191 376
2884 420
1894 474
40 343
461 576
2574 459
2479 355
2457 400
515 124
2732 478
2646 349
2387 478
448 343
381 377
1161 355
480 470
2045 478
1882 377
444 318
1328 132
755 474
92 399
2491 283
2448 258
1082 148
1945 533
1723 376
2520 478
2317 568
1545 393
886 463
2954 381
2525 464
875 586
49 279
2048 463
250 258
649 466
2835 466
769 405
1583 492
1469 560
2485 442
2178 428
326 428
1806 376
985 98
2953 540
2896 474
44 359
1045 463
2316 474
1679 376
1831 132
376 694
2900 358
1885 540
2168 641
1640 213
491 225
1501 92
1703 466
2612 464
2709 550
1365 29
2862 376
309 442
1503 448
2625 478
648 437
1577 470
2722 659
52 349
2536 315
1324 466
670 474
1059 229
2163 400
1253 258
1975 526
2790 383
2010 540
1073 261
2166 157
2803 603
224 349
2206 463
146 335
1254 376
1904 474
449 527
1146 486
363 377
977 618
595 376
2673 382
2675 368
2521 422
949 455
218 444
2622 368
1276 463
258 198
1595 400
2446 368
2461 551
102 441
852 595
523 437
1117 464
416 579
970 132
1300 666
336 348
1908 261
1739 132
1763 388
1523 337
2617 466
1624 376
12 485
492 464
2037 379
975 390
1160 399
1554 366
1726 463
2054 388
1922 349
923 397
419 400
29 241
1149 376
286 474
2798 437
2700 376
2793 409
579 316
934 445
1120 408
874 466
2624 441
468 532
1001 543
2324 399
1682 463
2609 376
8 540
2273 428
844 485
1373 376
507 166
2713 376
2486 460
1855 380
880 293
398 369
494 379
1043 380
997 229
2246 474
1782 373
1961 426
1211 540
2575 478
287 545
2590 132
2618 408
987 537
335 538
1095 28
2427 435
2413 26
2745 466
362 377
1793 463
2089 486
1281 623
1271 409
958 148
454 463
1907 463
80 583
1957 485
2216 668
2230 486
1684 463
1442 463
2513 257
284 564
1801 608
1828 437
115 645
1410 376
183 349
2853 442
2663 437
789 466
55 587
750 376
2808 11
548 436
2118 545
1289 349
1987 474
2534 464
1786 568
941 204
2962 94
349 463
130 376
2412 551
1592 409
1567 151
2703 473
641 644
2453 466
827 618
2380 474
1419 540
993 540
2664 540
2176 357
359 634
826 478
1479 492
1458 463
672 25
2331 171
1717 400
294 379
1495 244
1871 545
1861 485
254 383
2215 452
389 340
589 382
1520 463
774 389
2621 644
2604 349
1625 474
2831 437
1156 485
411 383
2099 477
606 396
21 474
2623 399
2213 478
2648 520
2704 400
650 618
2447 566
237 478
2712 435
472 580
1713 437
2277 386
429 586
2074 474
2469 422
299 576
1504 33
1480 315
1128 431
1643 482
356 540
1396 460
2156 348
1460 606
932 92
431 349
2416 464
505 349
2601 474
14 376
1531 460
2346 464
2467 441
210 464
1456 241
2243 349
132 198
2922 376
1850 466
1274 513
2254 463
1741 204
2059 355
32 405
2973 426
2338 181
1612 244
2756 474
2109 349
544 377
1814 408
2144 437
881 463
1277 463
1810 568
1246 521
686 409
1181 148
765 448
786 466
1537 560
729 463
1626 334
658 379
269 258
453 368
2748 464
2335 140
811 608
1656 678
1219 464
1970 410
1180 618
853 376
317 513
626 566
2409 376
2161 477
1797 376
1510 229
1694 466
1753 370
2134 355
1175 448
1388 444
2421 409
2894 377
2125 477
2758 474
2261 526
1209 466
13 397
1226 474
2077 383
1700 399
2752 225
1193 405
1374 1
1132 397
1243 399
687 376
1351 497
2322 423
2561 383
2357 285
91 257
1394 148
2172 618
657 349
1608 587
2506 587
1309 580
841 383
2877 400
279 478
1255 474
1390 428
2055 437
1196 463
1407 376
1505 225
2484 380
1214 492
2770 464
1897 409
1496 442
2530 442
1014 239
1980 380
2667 474
95 569
1818 441
119 464
2587 658
885 493
1811 98
713 589
1674 393
541 124
2850 490
1058 466
522 318
1688 400
2610 383
592 473
1940 379
2691 376
1930 617
2809 441
198 257
1519 464
156 442
141 376
1127 431
1737 1
1530 618
1760 463
271 376
1320 474
897 408
2177 520
1171 474
610 371
2784 148
2415 486
1521 409
935 463
503 526
1995 214
2280 383
2281 478
361 473
306 507
778 474
150 692
1536 379
2340 181
1666 69
195 382
1087 463
2073 139
409 567
399 108
2924 460
684 540
1240 373
1816 386
240 253
2152 204
2864 463
1493 473
1139 1
1436 379
2755 370
117 617
1088 398
2802 379
793 373
2035 661
2159 586
2687 376
1687 466
2314 216
2941 570
1432 148
5 540
2189 404
72 380
773 466
2828 400
2499 482
354 198
2212 148
241 520
2202 339
721 466
952 463
1891 441
2222 229
341 437
708 376
2662 478
450 64
105 339
837 393
1667 360
1967 409
383 478
2629 437
2082 376
761 244
2445 181
1434 466
1799 618
1709 395
742 550
1084 526
2274 132
1421 463
1683 409
2565 376
2579 122
1511 486
611 581
345 450
2654 512
148 671
2047 132
1489 383
2005 381
968 626
1927 474
1880 444
1302 466
2140 397
2842 463
490 442
2107 512
174 383
1159 417
2193 466
18 442
1217 535
980 617
1590 52
305 380
714 533
1481 540
2961 135
1202 448
2289 380
270 485
1067 592
239 473
2022 667
678 383
1011 379
1061 617
1933 372
2833 437
983 551
2674 376
1911 466
2456 474
2959 463
1033 409
2844 437
608 543
1693 644
1021 372
768 513
1790 132
2693 489
836 234
766 360
1472 442
107 349
2440 389
1921 463
1174 589
292 379
2414 463
2286 434
275 349
1462 383
1494 349
919 227
2652 659
2375 617
473 240
2701 463
497 536
647 496
2307 225
2608 376
734 28
854 464
2705 463
2116 452
467 574
1758 587
2347 370
1671 587
2362 466
477 377
681 148
2607 474
79 485
513 236
2088 442
599 474
506 398
2815 132
1263 664
66 376
2410 478
832 464
1807 463
2875 482
1427 108
323 350
2366 376
2643 106
2503 106
614 618
563 46
1111 464
2902 553
2498 349
104 553
219 376
2848 383
1497 343
324 408
111 395
2309 463
1890 29
848 390
2493 344
1358 527
2396 437
1712 512
2268 405
1272 512
1165 463
1868 474
2050 442
1611 376
2196 28
371 376
1574 448
2885 408
300 408
1749 379
677 399
1745 7
2442 376
2016 202
871 395
2131 658
2218 213
2049 410
212 473
762 644
1965 545
298 378
573 466
365 349
24 540
2488 644
2914 587
54 29
753 589
640 261
1301 461
2373 464
537 539
245 377
831 337
2091 464
135 526
2861 463
1457 390
560 463
445 435
163 175
2975 225
2382 383
285 566
1604 379
2153 466
96 532
1702 132
1009 397
1766 398
2269 473
1170 393
1658 512
619 292
22 437
2590 553
1081 486
2669 376
1638 466
2087 432
496 478
2304 198
950 356
68 376
879 435
1918 434
1241 678
1355 349
1134 372
2641 383
2476 560
2349 658
231 463
625 553
2638 364
2753 258
23 376
1588 376
565 478
2838 463
332 444
147 583
2188 442
1718 478
1903 204
645 466
2658 366
2765 195
2541 466
1236 527
859 520
1461 477
1311 606
2301 463
103 474
273 437
1318 434
2023 486
2002 494
424 177
760 537
330 377
1837 358
485 377
308 426
262 478
2170 426
1791 393
580 466
2951 94
1331 359
2586 442
329 225
2743 478
1621 148
466 473
2320 478
2866 359
1654 519
2360 181
728 533
2145 478
2870 337
2063 449
2545 376
527 46
996 585
2378 464
1488 464
1047 501
364 229
402 547
899 346
1731 441
2422 591
2126 442
1025 463
355 545
1147 125
442 376
927 376
2817 370
2845 1
2558 466
2832 106
1546 132
1963 442
482 376
98 463
738 399
207 397
2738 474
1280 399
1796 359
1346 463
2812 527
2494 658
2441 463
566 489
400 360
1532 442
744 463
984 474
2411 474
2267 434
2657 560
2403 463
2068 188
858 513
159 474
1566 25
2859 132
1110 608
2142 474
590 356
842 568
2546 106
2306 441
520 450
1385 662
1473 576
421 466
671 463
1690 478
1551 393
1235 389
737 132
1937 426
747 486
1195 396
312 436
1459 603
2374 386
698 275
386 477
2042 572
2811 644
2404 540
2450 566
2519 474
2428 560
1106 448
2903 466
969 463
726 390
232 377
1486 486
45 188
2644 422
926 400
221 463
596 478
1476 474
1317 376
723 466
862 360
2689 533
1413 474
1991 618
2400 376
1662 376
1769 527
956 474
413 536
2419 31
2685 463
1345 486
555 474
1004 282
741 370
1046 540
845 360
348 428
2483 463
211 223
1364 474
1092 615
511 474
2075 198
53 545
158 135
966 400
1298 563
2298 349
2148 463
199 435
2549 448
892 526
2239 485
1902 474
872 614
2958 437
2789 474
909 474
1819 376
1765 376
2517 360
1205 463
1392 225
2454 482
680 526
601 474
377 350
259 279
343 328
2006 434
2086 478
2437 204
1125 389
982 360
2856 452
981 527
1589 379
48 510
2072 463
458 24
1316 526
1438 520
42 377
375 377
2762 512
1275 428
1603 383
1909 463
319 426
2343 355
1732 527
1402 393
1610 445
1152 474
745 616
587 226
633 463
2935 590
1673 373
2605 437
584 474
790 478
2041 602
395 606
2103 463
2598 442
2555 563
612 437
2697 464
819 372
2313 376
2444 606
1977 474
514 404
2130 463
1754 249
2408 463
1371 376
2829 463
391 410
1675 666
2846 349
603 694
2334 464
1843 181
1851 540
805 486
1262 466
869 349
2101 355
1695 442
1200 617
2873 292
243 301
118 370
213 472
414 565
604 181
2182 359
1978 376
2544 466
1285 261
782 397
504 567
1056 463
1757 372
2596 279
2295 349
1221 493
1349 370
1299 444
2351 376
1938 444
2031 361
1550 213
2948 94
1928 171
2580 463
2020 400
613 474
496 354
1924 486
701 474
1395 617
2776 493
412 441
2699 464
2028 463
1341 380
692 383
1411 442
1657 444
1936 448
204 161
1976 485
2430 361
2676 565
1023 513
1079 560
877 463
1137 437
143 349
1859 463
1824 372
623 378
36 148
396 400
2797 379
1404 463
2761 383
289 540
179 486
1435 397
2823 474
1007 343
4 478
2505 428
2132 382
387 616
703 1
1873 644
1832 617
1057 444
2514 560
2487 474
1144 359
1664 229
2329 418
1282 593
746 30
2717 138
1999 376
2731 522
821 393
695 526
264 279
668 339
126 566
1334 513
1204 466
1516 376
1268 33
2495 360
1155 437
1249 400
1329 590
830 372
817 644
2312 465
1439 485
1722 393
2782 159
291 377
2568 545
1777 381
215 396
731 653
2282 405
2788 383
2888 349
2779 474
884 463
1860 452
2100 204
2630 522
539 204
1645 478
2406 400
455 279
1206 87
2143 405
535 429
1639 474
1634 395
1780 376
653 463
2226 376
337 547
2603 474
1102 386
2106 376
1962 666
1874 463
1836 579
2129 474
810 377
2326 132
646 437
469 129
2291 428
63 694
1772 437
2550 474
2920 381
2899 376
757 63
1319 466
2637 337
2393 466
1934 405
816 489
1835 241
1389 389
432 559
304 379
1339 527
2253 444
1050 485
1593 379
1273 466
1326 463
2620 380
2851 20
2880 583
69 261
1949 474
1812 473
2233 540
770 129
110 30
2064 400
918 540
2597 434
574 402
542 409
2355 474
914 463
2584 28
327 377
2570 315
1412 603
2062 376
878 486
256 383
297 587
253 590
1121 400
60 376
2472 181
1010 400
963 568
1444 568
1613 587
2547 665
175 92
2529 466
667 435
1362 281
2090 376
2114 383
1057 553
1559 383
2824 450
46 257
1869 478
2516 466
551 568
2363 540
855 379
2923 428
2 257
1661 367
777 466
30 463
605 609
495 488
465 501
689 527
1795 148
776 340
1862 399
1586 618
346 474
2043 536
456 410
1340 376
1384 380
704 448
2757 474
798 478
876 614
1973 317
1008 545
917 132
1902 668
2839 463
843 567
829 445
2318 614
1665 478
2531 442
636 379
2200 360
2593 383
662 376
2284 380
1215 502
2007 617
2104 568
360 463
2653 343
1616 464
938 642
2372 474
1199 437
2386 359
792 383
2319 464
2339 644
1034 349
1870 568
1284 560
230 349
2522 367
1062 533
1925 355
1990 474
1223 349
593 377
2810 540
229 149
193 399
1098 444
2135 463
2887 376
772 29
2241 442
787 463
2013 583
2058 463
2237 405
2256 444
109 124
185 349
1251 379
1898 463
1039 659
2315 466
51 399
78 370
2905 135
2342 568
2451 25
873 132
2154 145
2358 317
1179 618
2671 88
2356 478
2271 474
282 480
2567 466
683 448
1979 486
1440 383
1237 350
538 473
998 140
474 403
1286 464
1983 376
635 449
624 463
1548 355
2199 539
1203 435
1197 474
1266 463
967 568
2680 349
888 188
1847 393
1853 349
1097 373
1314 463
1697 437
1259 526
2336 482
2361 478
2800 184
1148 349
2283 463
2728 420
394 658
246 617
1823 474
1114 409
1376 383
1136 339
2826 383
807 399
392 18
1185 617
2258 225
2473 219
189 434
1500 503
1892 434
462 435
1972 376
122 474
1415 376
2645 373
1600 478
2860 586
1361 132
1292 545
665 441
642 386
1040 92
930 535
700 560
145 464
2323 448
260 420
955 494
333 135
661 463
2238 353
370 517
2964 395
2468 617
1764 478
154 553
177 540
557 376
1015 165
1464 359
1065 373
1303 343
2425 381
202 463
1422 644
2217 244
519 694
1659 448
251 474
142 393
2792 390
2639 204
1572 204
2466 463
594 348
2384 442
1858 399
2248 349
1689 204
2843 461
797 280
0 445
2634 466
1443 376
1463 376
1176 28
1012 309
2137 617
1060 383
1279 302
162 474
2392 434
144 666
2008 545
2890 463
342 426
2465 474
2321 244
1194 229
1840 448
992 589
1429 622
1212 608
2564 642
112 603
2350 437
2009 464
2573 46
512 377
47 426
748 244
1886 367
2677 204
554 376
889 464
70 463
2021 346
1502 464
724 434
1879 474
1075 474
1055 140
2111 124
2251 545
2967 692
2725 540
2740 437
500 426
806 381
1380 389
2158 441
1525 400
656 486
1852 568
1381 486
1051 217
1808 441
295 450
1224 275
2814 397
2079 474
720 537
1201 645
915 383
1220 486
415 401
1124 442
711 435
1704 576
2389 602
1305 434
2242 349
2915 527
2865 463
2173 380
2930 327
961 380
974 537
517 477
20 464
2929 32
2354 474
2122 444
1478 536
1845 474
1601 444
352 474
1848 658
2615 474
2232 198
2353 446
1562 618
2299 339
1424 349
181 693
2076 442
1482 376
2423 386
893 383
2463 463
835 401
764 223
2970 527
1651 281
1022 397
2714 617
2365 563
1238 261
2585 463
679 428
823 383
1131 485
2510 413
2435 463
2742 571
2096 449
1260 466
1028 28
2576 536
812 466
2078 463
752 545
2032 463
1225 376
2594 668
1573 442
235 463
2702 694
1018 452
1222 340
417 616
942 540
2285 383
736 463
205 486
1129 464
1686 466
268 466
452 574
1773 383
664 466
2734 408
2729 408
310 447
1002 474
2518 395
197 435
2025 198
1598 444
2694 448
290 368
1646 397
628 395
1338 316
1070 198
2688 381
1543 448
106 441
2707 379
2257 380
372 124
2698 148
2190 568
659 400
2255 394
1685 463
2526 349
2837 376
2944 598
727 132
