107
107
107
107
107
107
107
107
107
107
107
107
31
31
120
120
120
120
120
120
109
109
109
4
4
4
4
4
4
4
142
142
142
49
1
1
1
1
1
1
1
1
1
1
1
1
1
1
1
1
1
1
1
1
1
1
1
1
1
1
1
1
1
1
1
61
61
61
123
61
43
43
144
89
21
36
148
148
148
148
148
148
148
148
24
146
146
146
146
104
94
94
94
94
94
94
94
94
94
94
94
94
94
94
47
47
103
60
60
60
45
111
64
30
48
48
143
136
51
51
51
51
124
140
16
16
16
16
16
16
117
117
16
130
41
41
115
40
40
40
40
40
93
93
79
86
35
23
83
83
71
71
71
71
71
13
13
13
13
126
8
8
8
8
8
106
122
122
122
122
66
46
46
46
46
46
46
46
46
46
46
46
46
74
28
33
33
5
5
5
5
5
5
5
5
5
5
15
15
15
15
15
15
145
73
73
54
25
25
25
25
25
25
25
25
7
7
7
7
7
7
62
62
102
17
17
32
32
78
78
78
78
78
78
78
78
116
116
116
27
27
81
38
38
38
95
95
100
57
57
57
110
82
82
82
82
68
42
42
42
42
42
97
18
18
18
112
149
149
149
149
149
26
141
141
141
133
133
150
63
75
75
75
75
75
75
75
75
75
75
75
75
72
72
72
72
59
59
59
59
59
59
59
59
53
53
53
53
53
53
53
87
87
87
77
88
67
37
37
34
90
108
108
108
108
134
19
19
19
19
69
6
6
6
10
52
65
99
99
99
123
123
123
123
123
123
123
123
123
123
123
123
123
123
123
123
123
123
123
123
123
123
123
123
123
123
123
123
123
123
123
123
123
123
123
123
123
123
123
123
123
123
123
123
123
123
123
123
123
123
123
123
123
123
123
123
123
123
123
123
123
123
123
123
123
123
123
123
123
123
123
123
123
123
123
123
123
123
123
123
123
123
123
123
123
123
123
123
123
123
123
123
123
123
123
123
123
123
123
123
123
123
123
123
123
123
123
123
123
123
123
123
123
123
123
123
123
123
123
123
123
123
123
123
123
123
123
123
123
123
123
123
123
123
123
123
123
123
123
123
123
123
123
123
123
123
123
123
123
123
123
123
123
123
123
123
123
123
123
123
123
123
123
123
123
123
123
123
123
123
123
123
123
123
123
123
123
123
123
123
123
123
123
123
123
123
123
123
123
123
123
123
123
123
123
123
123
123
123
123
123
123
123
123
123
123
123
123
123
123
123
123
123
123
123
123
123
123
123
123
123
123
123
123
123
123
123
123
123
123
123
123
0
123
123
123
123
123
123
123
123
123
123
123
123
123
9
123
123
123
123
123
123
123
123
123
123
123
123
123
123
123
123
123
123
123
123
135
135
135
3
3
131
2
2
2
2
2
96
128
128
128
128
114
14
101
101
101
101
101
125
70
70
132
121
121
147
12
12
12
12
12
12
12
12
12
12
50
105
85
119
98
98
137
58
58
129
91
91
127
11
11
11
55
55
55
55
55
55
92
92
92
20
29
45
22
22
22
80
138
138
138
139
44
44
76
73
39
39
39
39
56
113
113
9
118
84
106
