488 132
731 129
493 129
642 132
691 132
536 132
436 132
361 132
290 132
413 132
507 87
780 143
733 142
189 183
136 88
17 73
407 526
273 526
259 644
504 375
156 374
527 334
424 334
45 334
186 418
540 645
766 159
578 159
272 566
523 420
276 588
434 421
162 588
459 566
571 566
436 566
496 588
624 420
577 397
456 400
145 379
25 537
477 376
264 589
517 399
499 393
505 398
68 395
429 586
455 337
509 609
728 590
720 444
164 533
490 422
513 390
476 584
363 390
689 586
626 239
555 399
13 390
338 444
382 390
496 337
689 584
273 393
269 393
566 376
707 376
633 399
349 376
515 376
342 537
524 400
522 376
645 395
421 376
363 589
469 376
113 422
417 400
707 398
470 444
438 379
566 400
537 376
736 444
448 337
591 400
396 376
619 395
280 422
428 393
290 390
394 395
688 376
382 444
194 397
275 586
427 376
568 400
631 397
618 376
303 398
510 400
343 337
591 398
275 399
524 399
435 376
349 395
496 422
707 589
617 225
73 517
630 204
450 261
127 596
533 593
713 580
745 25
418 595
79 591
641 157
620 158
111 205
222 224
521 597
123 517
37 629
712 256
370 204
151 77
622 225
317 78
193 225
707 204
708 595
257 156
345 204
706 595
691 25
201 225
496 517
317 76
303 204
631 204
613 261
42 339
373 659
548 148
698 171
680 175
106 136
599 452
576 587
703 106
494 32
518 117
777 293
551 317
157 656
15 315
580 249
635 150
454 423
654 145
661 203
649 42
219 176
530 623
11 41
443 173
364 653
616 174
748 321
637 39
6 85
503 265
353 110
298 31
685 206
478 30
249 202
440 620
12 637
178 81
412 266
129 43
348 172
93 130
196 110
752 118
767 172
767 173
31 136
665 80
332 145
317 83
324 339
480 79
195 82
550 452
394 148
436 32
379 617
750 474
446 513
593 486
357 547
561 666
534 264
38 527
384 213
579 466
651 372
441 448
387 383
587 493
444 373
8 460
369 463
682 568
546 455
16 234
285 445
516 405
668 540
437 343
307 349
709 359
374 464
262 536
700 606
278 417
320 409
453 642
397 292
217 618
590 386
740 353
286 478
300 380
339 198
634 181
271 241
771 26
294 446
583 29
321 560
502 459
719 415
173 608
306 140
608 389
88 244
638 370
43 563
497 658
695 510
727 360
601 551
447 614
556 492
652 485
383 494
35 545
725 98
117 275
464 1
597 28
393 626
306 630
570 355
328 184
486 603
202 328
314 368
322 461
581 543
398 470
741 668
732 7
44 344
33 512
406 229
463 662
520 678
676 482
277 381
416 613
283 356
642 1
602 318
738 223
9 69
678 489
472 449
547 447
479 102
557 632
318 282
675 116
72 280
442 4
746 138
671 413
662 503
543 33
669 361
329 281
739 115
629 364
350 423
718 618
341 188
327 289
185 383
690 283
474 646
640 549
14 97
401 290
200 165
632 226
764 72
91 272
288 81
380 366
420 10
569 615
409 39
368 585
445 653
391 42
159 457
658 240
53 326
704 201
413 118
193 181
462 233
707 106
163 305
722 287
495 112
428 614
553 39
736 527
471 291
391 85
409 42
484 607
467 285
457 317
578 568
493 463
70 191
550 563
591 464
391 659
591 463
288 666
409 171
763 463
335 307
715 464
636 98
428 608
715 474
436 466
493 359
555 540
492 383
536 264
280 386
349 405
482 474
493 229
483 285
135 405
613 223
409 493
89 308
591 349
30 489
729 102
382 474
394 449
87 290
428 359
332 368
689 389
755 563
343 485
66 510
185 466
394 29
428 478
392 658
718 666
332 478
30 380
392 359
385 370
736 349
535 642
252 181
466 360
726 512
611 527
361 417
537 26
87 234
394 28
718 668
417 448
170 474
303 536
332 386
220 181
370 513
734 464
394 463
718 383
375 474
332 372
268 618
280 560
342 474
691 666
382 485
408 306
203 474
747 372
710 482
394 464
689 563
457 494
338 383
430 283
573 26
622 370
332 281
349 1
290 489
611 359
611 485
179 485
428 613
392 545
726 608
718 527
356 310
566 464
352 309
438 460
689 165
394 26
584 381
451 678
492 463
413 485
428 368
522 486
496 547
30 513
30 275
578 540
392 213
402 383
571 466
715 478
575 482
295 466
433 98
363 445
691 287
747 474
611 368
715 292
433 138
237 389
604 353
381 213
349 373
603 304
511 568
185 513
528 229
275 478
715 551
428 618
297 364
575 349
394 448
566 463
763 466
726 666
642 478
711 478
428 615
409 494
613 464
688 606
21 449
718 568
573 370
13 445
613 486
30 381
511 383
275 617
84 1
611 536
435 381
388 617
305 359
458 10
430 7
179 198
445 617
492 607
767 563
524 448
604 355
128 478
332 485
402 463
355 478
330 353
391 642
361 383
305 198
303 512
391 318
275 510
87 474
492 466
96 540
469 349
524 446
305 666
184 181
305 349
288 486
428 617
544 485
280 489
614 383
656 415
544 389
691 115
21 448
391 466
90 98
7 355
427 463
30 198
391 527
613 463
310 666
457 626
332 617
402 513
613 466
492 223
686 510
427 606
31 626
349 614
544 349
647 405
102 306
642 662
268 568
735 383
391 486
687 474
552 478
493 486
312 233
511 618
496 545
280 563
116 360
553 474
354 229
370 463
370 536
312 229
511 463
303 463
611 360
718 563
168 272
310 213
370 626
707 464
370 380
421 527
346 540
716 568
633 448
430 10
631 617
636 405
386 485
140 383
619 463
459 383
370 474
13 510
116 198
312 1
273 606
578 370
553 492
391 343
492 241
736 445
430 1
718 275
365 349
694 666
7 353
747 349
511 368
430 678
689 617
614 512
221 474
584 380
636 409
268 536
707 474
642 349
312 213
349 463
21 613
575 360
354 563
619 617
223 229
280 478
536 383
305 642
290 606
571 318
303 464
647 409
201 318
707 618
392 360
303 372
305 668
585 343
30 618
413 359
288 33
451 373
734 513
715 463
717 405
396 287
451 617
310 662
560 602
54 692
769 425
26 133
389 301
595 428
431 141
360 94
371 257
161 71
628 216
565 92
28 316
333 263
67 273
289 430
114 650
228 427
208 47
670 84
62 134
52 693
627 635
304 667
282 152
248 429
104 215
110 426
778 162
648 338
253 258
775 90
612 149
105 222
29 168
246 46
659 151
243 655
57 17
485 74
133 95
211 111
754 691
452 242
309 300
432 195
149 219
258 67
558 153
666 123
197 624
404 680
75 428
171 196
677 696
32 53
95 177
61 269
218 677
519 119
165 199
182 105
107 634
325 247
761 217
674 675
679 260
681 276
737 664
672 683
500 271
158 48
77 19
115 52
254 274
723 636
229 690
20 65
118 651
55 259
419 670
302 218
231 688
166 91
532 277
333 131
122 75
230 689
81 220
774 633
653 192
623 18
92 294
395 582
75 111
344 685
358 278
362 161
291 211
673 57
242 253
99 681
82 237
762 424
296 335
292 252
75 257
372 267
50 66
260 50
305 216
572 227
75 636
59 674
461 189
631 301
385 94
559 660
39 270
69 686
147 649
311 612
411 166
334 682
153 295
765 45
468 652
554 193
234 22
190 301
511 381
684 676
116 120
701 170
34 672
85 669
47 684
749 222
130 96
390 21
753 301
759 51
140 428
265 167
288 466
744 316
388 486
232 258
349 349
220 166
683 527
388 74
721 638
535 512
221 272
275 470
433 162
544 633
718 389
535 278
475 336
388 211
58 679
385 478
438 383
180 429
696 429
772 209
349 195
220 47
388 429
591 428
363 192
445 65
41 71
631 53
511 428
498 242
45 17
109 428
370 428
642 427
116 48
475 160
280 92
75 634
31 301
475 640
18 111
267 74
392 92
342 92
544 690
636 94
251 89
492 301
685 648
392 152
245 257
60 270
267 152
75 301
116 217
544 649
18 681
711 316
221 429
210 428
481 134
394 428
511 301
435 428
112 408
49 520
489 197
281 539
74 473
415 553
36 472
538 465
226 431
359 508
529 506
247 348
399 212
177 388
279 37
594 411
758 369
207 583
773 572
98 499
743 643
705 559
506 377
643 538
367 671
144 354
598 574
316 346
75 179
567 458
241 340
5 392
588 382
97 396
400 599
667 24
103 475
465 358
422 579
152 578
274 114
657 480
119 126
121 450
139 544
198 507
22 564
460 124
101 571
487 378
23 477
132 454
191 350
639 575
655 412
378 357
212 581
501 496
663 108
776 16
301 532
94 279
142 567
192 490
293 558
439 604
227 516
625 324
175 514
224 592
660 64
425 570
756 565
650 622
410 484
779 535
563 598
768 462
4 694
183 569
730 576
589 248
405 404
319 665
76 505
143 616
542 385
204 401
141 641
508 504
126 542
124 371
261 38
187 20
167 59
770 394
120 546
255 416
621 550
10 139
3 491
702 673
541 214
414 625
256 103
646 314
0 521
539 647
489 55
172 342
336 99
233 432
250 402
215 483
376 125
181 35
512 469
605 238
169 552
148 135
134 303
299 185
582 501
596 333
131 657
426 363
308 299
150 481
65 250
366 63
216 605
56 311
1 555
423 104
699 502
263 68
238 479
24 232
63 236
526 522
86 367
692 403
664 327
154 56
160 228
199 34
574 302
645 621
760 101
347 186
742 200
592 6
80 15
155 488
331 365
449 487
609 697
239 178
403 11
367 36
305 108
751 534
188 391
697 497
125 187
64 113
305 248
326 60
413 583
606 163
377 107
40 251
19 661
473 58
361 507
146 519
610 329
644 319
351 320
696 477
512 561
781 210
48 3
244 528
46 144
225 246
317 387
18 554
562 5
549 146
18 185
108 396
391 302
392 479
174 695
205 331
206 433
370 499
642 583
116 250
323 8
236 574
240 572
194 576
116 197
51 332
267 411
525 121
303 348
270 529
693 154
631 238
544 388
421 377
251 477
75 348
251 479
544 484
267 599
194 396
83 254
31 625
545 190
290 520
116 661
364 556
337 599
235 15
290 553
724 462
201 539
251 350
18 186
492 520
251 371
611 346
18 625
108 576
656 508
578 483
287 377
689 178
18 104
251 657
573 574
511 377
280 488
392 564
305 340
536 346
266 363
251 544
266 367
611 248
370 553
631 507
591 396
332 367
87 567
571 108
757 369
696 354
96 538
31 532
564 432
564 303
340 255
544 522
642 346
266 576
382 499
18 673
266 250
251 546
636 408
611 108
363 15
726 532
128 346
78 391
267 481
102 473
266 477
27 392
266 228
402 520
87 569
564 402
266 616
348 342
564 544
266 382
348 569
251 416
726 6
135 404
689 694
564 311
267 139
288 516
280 583
564 350
348 484
492 625
75 473
267 507
348 505
348 238
707 622
138 477
251 340
267 564
116 357
312 605
100 661
363 357
611 516
348 358
221 473
492 622
430 6
348 570
736 327
18 567
607 194
445 124
564 583
18 450
251 163
564 572
348 403
493 546
361 387
493 544
267 519
113 103
137 350
96 480
694 665
544 248
193 559
348 408
564 346
332 357
75 575
214 99
237 553
213 410
615 122
184 410
266 410
586 435
600 434
514 437
313 438
176 436
267 437
315 434
564 436
707 434
21 437
266 437
688 434
280 437
363 438
613 437
209 438
349 437
710 437
363 437
71 436
714 437
392 437
436 434
747 437
268 437
116 437
348 434
724 435
417 434
303 437
459 435
531 442
491 441
537 442
571 442
2 442
303 442
688 442
619 441
633 441
284 442
511 442
273 442
