0 0 722
0 0 730
0 0 1452
1 0 722
1 0 731
1 0 1452
2 0 722
2 0 732
2 0 1452
3 0 722
3 0 733
3 0 1482
4 0 722
4 0 734
4 0 1460
5 0 722
5 0 735
5 0 1452
6 0 722
6 0 736
6 0 1452
7 0 724
7 0 737
7 0 1463
8 0 722
8 0 738
8 0 1460
9 0 724
9 0 739
9 0 1463
10 0 724
10 0 740
10 0 1466
11 0 722
11 0 741
11 0 1452
12 0 722
12 0 742
12 0 1472
13 0 722
13 0 743
13 0 1464
14 0 724
14 0 744
14 0 1453
15 0 724
15 0 745
15 0 1463
16 0 724
16 0 746
16 0 1463
17 0 724
17 0 747
17 0 1463
18 0 724
18 0 748
18 0 1466
19 0 724
19 0 749
19 0 1466
20 0 722
20 0 750
20 0 1452
21 0 724
21 0 751
21 0 1453
22 0 724
22 0 752
22 0 1453
23 0 724
23 0 753
23 0 1466
24 0 724
24 0 754
24 0 1466
25 0 724
25 0 755
25 0 1453
26 0 722
26 0 756
26 0 1490
27 0 724
27 0 757
27 0 1453
28 0 724
28 0 758
28 0 1453
29 0 724
29 0 759
29 0 1453
30 0 724
30 0 760
30 0 1453
31 0 724
31 0 761
31 0 1466
32 0 724
32 0 762
32 0 1469
33 0 724
33 0 763
33 0 1453
34 0 724
34 0 764
34 0 1466
35 0 722
35 0 765
35 0 1482
36 0 722
36 0 766
36 0 1482
37 0 722
37 0 767
37 0 1482
38 0 727
38 0 768
38 0 1471
39 0 727
39 0 769
39 0 1471
40 0 727
40 0 770
40 0 1471
41 0 727
41 0 771
41 0 1471
42 0 727
42 0 772
42 0 1487
43 0 723
43 0 773
43 0 1479
44 0 727
44 0 774
44 0 1487
45 0 727
45 0 775
45 0 1459
46 0 727
46 0 776
46 0 1456
47 0 723
47 0 777
47 0 1479
48 0 727
48 0 778
48 0 1487
49 0 727
49 0 779
49 0 1487
50 0 727
50 0 780
50 0 1475
51 0 724
51 0 781
51 0 1453
52 0 724
52 0 782
52 0 1453
53 0 722
53 0 783
53 0 1482
54 0 722
54 0 784
54 0 1482
55 0 722
55 0 785
55 0 1464
56 0 722
56 0 786
56 0 1464
57 0 722
57 0 787
57 0 1464
58 0 724
58 0 788
58 0 1463
59 0 727
59 0 789
59 0 1459
60 0 727
60 0 790
60 0 1456
61 0 727
61 0 791
61 0 1456
62 0 727
62 0 792
62 0 1456
63 0 727
63 0 793
63 0 1459
64 0 727
64 0 794
64 0 1455
65 0 727
65 0 795
65 0 1456
66 0 727
66 0 796
66 0 1456
67 0 727
67 0 797
67 0 1456
68 0 727
68 0 798
68 0 1481
69 0 727
69 0 799
69 0 1481
70 0 727
70 0 800
70 0 1455
71 0 727
71 0 801
71 0 1455
72 0 727
72 0 802
72 0 1455
73 0 727
73 0 803
73 0 1455
74 0 727
74 0 804
74 0 1455
75 0 727
75 0 805
75 0 1455
76 0 724
76 0 806
76 0 1480
77 0 724
77 0 807
77 0 1470
78 0 724
78 0 808
78 0 1480
79 0 724
79 0 809
79 0 1480
80 0 724
80 0 810
80 0 1480
81 0 724
81 0 811
81 0 1469
82 0 724
82 0 812
82 0 1453
83 0 724
83 0 813
83 0 1469
84 0 729
84 0 814
84 0 1483
85 0 727
85 0 815
85 0 1486
86 0 724
86 0 816
86 0 1477
87 0 724
87 0 817
87 0 1477
88 0 724
88 0 818
88 0 1477
89 0 727
89 0 819
89 0 1487
90 0 727
90 0 820
90 0 1461
91 0 727
91 0 821
91 0 1481
92 0 729
92 0 822
92 0 1473
93 0 729
93 0 823
93 0 1473
94 0 727
94 0 824
94 0 1455
95 0 729
95 0 825
95 0 1483
96 0 724
96 0 826
96 0 1477
97 0 727
97 0 827
97 0 1481
98 0 726
98 0 828
98 0 1458
99 0 724
99 0 829
99 0 1470
100 0 727
100 0 830
100 0 1455
101 0 727
101 0 831
101 0 1459
102 0 722
102 0 832
102 0 1472
103 0 722
103 0 833
103 0 1482
104 0 722
104 0 834
104 0 1482
105 0 722
105 0 835
105 0 1482
106 0 722
106 0 836
106 0 1472
107 0 722
107 0 837
107 0 1472
108 0 722
108 0 838
108 0 1476
109 0 729
109 0 839
109 0 1483
110 0 722
110 0 840
110 0 1452
111 0 724
111 0 841
111 0 1466
112 0 724
112 0 842
112 0 1466
113 0 724
113 0 843
113 0 1466
114 0 724
114 0 844
114 0 1469
115 0 724
115 0 845
115 0 1453
116 0 724
116 0 846
116 0 1453
117 0 723
117 0 847
117 0 1479
118 0 723
118 0 848
118 0 1479
119 0 722
119 0 849
119 0 1476
120 0 722
120 0 850
120 0 1476
121 0 722
121 0 851
121 0 1476
122 0 724
122 0 852
122 0 1466
123 0 724
123 0 853
123 0 1465
124 0 722
124 0 854
124 0 1482
125 0 722
125 0 855
125 0 1464
126 0 727
126 0 856
126 0 1475
127 0 727
127 0 857
127 0 1475
128 0 727
128 0 858
128 0 1475
129 0 728
129 0 859
129 0 1468
130 0 728
130 0 860
130 0 1468
131 0 727
131 0 861
131 0 1455
132 0 727
132 0 862
132 0 1461
133 0 727
133 0 863
133 0 1471
134 0 723
134 0 864
134 0 1479
135 0 727
135 0 865
135 0 1461
136 0 727
136 0 866
136 0 1461
137 0 722
137 0 867
137 0 1454
138 0 728
138 0 868
138 0 1468
139 0 722
139 0 869
139 0 1467
140 0 722
140 0 870
140 0 1467
141 0 724
141 0 871
141 0 1466
142 0 724
142 0 872
142 0 1466
143 0 724
143 0 873
143 0 1478
144 0 724
144 0 874
144 0 1466
145 0 724
145 0 875
145 0 1466
146 0 724
146 0 876
146 0 1478
147 0 722
147 0 877
147 0 1482
148 0 722
148 0 878
148 0 1482
149 0 725
149 0 879
149 0 1457
150 0 727
150 0 880
150 0 1471
151 0 727
151 0 881
151 0 1471
152 0 724
152 0 882
152 0 1453
153 0 724
153 0 883
153 0 1453
154 0 724
154 0 884
154 0 1453
155 0 724
155 0 885
155 0 1453
156 0 724
156 0 886
156 0 1453
157 0 724
157 0 887
157 0 1453
158 0 729
158 0 888
158 0 1473
159 0 729
159 0 889
159 0 1473
160 0 729
160 0 890
160 0 1483
161 0 729
161 0 891
161 0 1483
162 0 722
162 0 892
162 0 1484
163 0 722
163 0 893
163 0 1464
164 0 724
164 0 894
164 0 1485
165 0 724
165 0 895
165 0 1463
166 0 724
166 0 896
166 0 1463
167 0 724
167 0 897
167 0 1463
168 0 724
168 0 898
168 0 1463
169 0 724
169 0 899
169 0 1463
170 0 722
170 0 900
170 0 1454
171 0 722
171 0 901
171 0 1452
172 0 723
172 0 902
172 0 1488
173 0 724
173 0 903
173 0 1466
174 0 729
174 0 904
174 0 1473
175 0 726
175 0 905
175 0 1458
176 0 726
176 0 906
176 0 1458
177 0 722
177 0 907
177 0 1454
178 0 724
178 0 908
178 0 1478
179 0 722
179 0 909
179 0 1484
180 0 722
180 0 910
180 0 1474
181 0 724
181 0 911
181 0 1470
182 0 722
182 0 912
182 0 1482
183 0 722
183 0 913
183 0 1460
184 0 724
184 0 914
184 0 1463
185 0 724
185 0 915
185 0 1463
186 0 724
186 0 916
186 0 1463
187 0 724
187 0 917
187 0 1463
188 0 724
188 0 918
188 0 1463
189 0 724
189 0 919
189 0 1463
190 0 724
190 0 920
190 0 1466
191 0 724
191 0 921
191 0 1466
192 0 724
192 0 922
192 0 1466
193 0 722
193 0 923
193 0 1472
194 0 722
194 0 924
194 0 1472
195 0 722
195 0 925
195 0 1472
196 0 722
196 0 926
196 0 1472
197 0 722
197 0 927
197 0 1472
198 0 722
198 0 928
198 0 1472
199 0 722
199 0 929
199 0 1472
200 0 724
200 0 930
200 0 1465
201 0 724
201 0 931
201 0 1465
202 0 724
202 0 932
202 0 1465
203 0 724
203 0 933
203 0 1465
204 0 724
204 0 934
204 0 1469
205 0 724
205 0 935
205 0 1469
206 0 724
206 0 936
206 0 1469
207 0 724
207 0 937
207 0 1469
208 0 724
208 0 938
208 0 1469
209 0 724
209 0 939
209 0 1469
210 0 724
210 0 940
210 0 1469
211 0 724
211 0 941
211 0 1469
212 0 724
212 0 942
212 0 1469
213 0 724
213 0 943
213 0 1469
214 0 724
214 0 944
214 0 1469
215 0 722
215 0 945
215 0 1454
216 0 722
216 0 946
216 0 1454
217 0 729
217 0 947
217 0 1483
218 0 729
218 0 948
218 0 1483
219 0 722
219 0 949
219 0 1462
220 0 722
220 0 950
220 0 1462
221 0 722
221 0 951
221 0 1462
222 0 722
222 0 952
222 0 1467
223 0 722
223 0 953
223 0 1462
224 0 724
224 0 954
224 0 1466
225 0 724
225 0 955
225 0 1466
226 0 724
226 0 956
226 0 1466
227 0 724
227 0 957
227 0 1453
228 0 724
228 0 958
228 0 1463
229 0 722
229 0 959
229 0 1482
230 0 722
230 0 960
230 0 1482
231 0 722
231 0 961
231 0 1482
232 0 722
232 0 962
232 0 1454
233 0 723
233 0 963
233 0 1479
234 0 729
234 0 964
234 0 1483
235 0 729
235 0 965
235 0 1483
236 0 722
236 0 966
236 0 1464
237 0 722
237 0 967
237 0 1464
238 0 722
238 0 968
238 0 1464
239 0 722
239 0 969
239 0 1464
240 0 722
240 0 970
240 0 1464
241 0 724
241 0 971
241 0 1477
242 0 722
242 0 972
242 0 1476
243 0 722
243 0 973
243 0 1476
244 0 724
244 0 974
244 0 1465
245 0 722
245 0 975
245 0 1472
246 0 722
246 0 976
246 0 1472
247 0 722
247 0 977
247 0 1472
248 0 722
248 0 978
248 0 1472
249 0 722
249 0 979
249 0 1472
250 0 722
250 0 980
250 0 1472
251 0 722
251 0 981
251 0 1472
252 0 722
252 0 982
252 0 1472
253 0 722
253 0 983
253 0 1476
254 0 727
254 0 984
254 0 1486
255 0 724
255 0 985
255 0 1470
256 0 724
256 0 986
256 0 1466
257 0 724
257 0 987
257 0 1466
258 0 724
258 0 988
258 0 1466
259 0 724
259 0 989
259 0 1466
260 0 724
260 0 990
260 0 1466
261 0 724
261 0 991
261 0 1466
262 0 724
262 0 992
262 0 1466
263 0 724
263 0 993
263 0 1466
264 0 724
264 0 994
264 0 1466
265 0 724
265 0 995
265 0 1466
266 0 722
266 0 996
266 0 1454
267 0 722
267 0 997
267 0 1454
268 0 722
268 0 998
268 0 1454
269 0 724
269 0 999
269 0 1465
270 0 724
270 0 1000
270 0 1465
271 0 727
271 0 1001
271 0 1456
272 0 727
272 0 1002
272 0 1456
273 0 727
273 0 1003
273 0 1459
274 0 727
274 0 1004
274 0 1475
275 0 727
275 0 1005
275 0 1461
276 0 727
276 0 1006
276 0 1461
277 0 727
277 0 1007
277 0 1461
278 0 727
278 0 1008
278 0 1461
279 0 724
279 0 1009
279 0 1465
280 0 722
280 0 1010
280 0 1467
281 0 722
281 0 1011
281 0 1467
282 0 722
282 0 1012
282 0 1467
283 0 722
283 0 1013
283 0 1476
284 0 722
284 0 1014
284 0 1476
285 0 722
285 0 1015
285 0 1476
286 0 722
286 0 1016
286 0 1467
287 0 722
287 0 1017
287 0 1467
288 0 722
288 0 1018
288 0 1482
289 0 722
289 0 1019
289 0 1467
290 0 727
290 0 1020
290 0 1481
291 0 722
291 0 1021
291 0 1484
292 0 722
292 0 1022
292 0 1484
293 0 722
293 0 1023
293 0 1484
294 0 722
294 0 1024
294 0 1467
295 0 723
295 0 1025
295 0 1488
296 0 724
296 0 1026
296 0 1465
297 0 724
297 0 1027
297 0 1466
298 0 727
298 0 1028
298 0 1455
299 0 724
299 0 1029
299 0 1463
300 0 722
300 0 1030
300 0 1467
301 0 722
301 0 1031
301 0 1467
302 0 722
302 0 1032
302 0 1460
303 0 729
303 0 1033
303 0 1473
304 0 722
304 0 1034
304 0 1482
305 0 722
305 0 1035
305 0 1482
306 0 722
306 0 1036
306 0 1482
307 0 722
307 0 1037
307 0 1482
308 0 727
308 0 1038
308 0 1459
309 0 727
309 0 1039
309 0 1459
310 0 727
310 0 1040
310 0 1459
311 0 724
311 0 1041
311 0 1470
312 0 724
312 0 1042
312 0 1463
313 0 724
313 0 1043
313 0 1463
314 0 722
314 0 1044
314 0 1467
315 0 724
315 0 1045
315 0 1477
316 0 723
316 0 1046
316 0 1488
317 0 722
317 0 1047
317 0 1454
318 0 727
318 0 1048
318 0 1486
319 0 724
319 0 1049
319 0 1489
320 0 724
320 0 1050
320 0 1489
321 0 724
321 0 1051
321 0 1489
322 0 724
322 0 1052
322 0 1463
323 0 724
323 0 1053
323 0 1489
324 0 724
324 0 1054
324 0 1489
325 0 724
325 0 1055
325 0 1489
326 0 724
326 0 1056
326 0 1489
327 0 724
327 0 1057
327 0 1489
328 0 727
328 0 1058
328 0 1487
329 0 724
329 0 1059
329 0 1465
330 0 724
330 0 1060
330 0 1465
331 0 724
331 0 1061
331 0 1465
332 0 726
332 0 1062
332 0 1458
333 0 725
333 0 1063
333 0 1457
334 0 726
334 0 1064
334 0 1458
335 0 726
335 0 1065
335 0 1458
336 0 722
336 0 1066
336 0 1467
337 0 722
337 0 1067
337 0 1467
338 0 722
338 0 1068
338 0 1482
339 0 722
339 0 1069
339 0 1482
340 0 722
340 0 1070
340 0 1482
341 0 722
341 0 1071
341 0 1482
342 0 722
342 0 1072
342 0 1482
343 0 722
343 0 1073
343 0 1482
344 0 727
344 0 1074
344 0 1456
345 0 722
345 0 1075
345 0 1464
346 0 722
346 0 1076
346 0 1464
347 0 728
347 0 1077
347 0 1468
348 0 723
348 0 1078
348 0 1479
349 0 722
349 0 1079
349 0 1467
350 0 724
350 0 1080
350 0 1478
351 0 722
351 0 1081
351 0 1490
352 0 722
352 0 1082
352 0 1490
353 0 722
353 0 1083
353 0 1490
354 0 722
354 0 1084
354 0 1490
355 0 722
355 0 1085
355 0 1490
356 0 722
356 0 1086
356 0 1490
357 0 722
357 0 1087
357 0 1490
358 0 722
358 0 1088
358 0 1490
359 0 722
359 0 1089
359 0 1490
360 0 1090
361 0 722
361 0 1091
361 0 1490
362 0 722
362 0 1092
362 0 1490
363 0 722
363 0 1093
363 0 1490
364 0 722
364 0 1094
364 0 1490
365 0 722
365 0 1095
365 0 1490
366 0 722
366 0 1096
366 0 1490
367 0 722
367 0 1097
367 0 1490
368 0 729
368 0 1098
368 0 1483
369 0 727
369 0 1099
369 0 1461
370 0 723
370 0 1100
370 0 1479
371 0 723
371 0 1101
371 0 1479
372 0 723
372 0 1102
372 0 1479
373 0 724
373 0 1103
373 0 1463
374 0 724
374 0 1104
374 0 1489
375 0 724
375 0 1105
375 0 1489
376 0 724
376 0 1106
376 0 1489
377 0 724
377 0 1107
377 0 1489
378 0 724
378 0 1108
378 0 1489
379 0 723
379 0 1109
379 0 1479
380 0 722
380 0 1110
380 0 1474
381 0 723
381 0 1111
381 0 1479
382 0 724
382 0 1112
382 0 1463
383 0 724
383 0 1113
383 0 1485
384 0 722
384 0 1114
384 0 1467
385 0 722
385 0 1115
385 0 1482
386 0 724
386 0 1116
386 0 1477
387 0 724
387 0 1117
387 0 1463
388 0 724
388 0 1118
388 0 1469
389 0 724
389 0 1119
389 0 1469
390 0 724
390 0 1120
390 0 1469
391 0 724
391 0 1121
391 0 1469
392 0 724
392 0 1122
392 0 1469
393 0 724
393 0 1123
393 0 1469
394 0 724
394 0 1124
394 0 1469
395 0 724
395 0 1125
395 0 1469
396 0 724
396 0 1126
396 0 1470
397 0 722
397 0 1127
397 0 1472
398 0 722
398 0 1128
398 0 1472
399 0 722
399 0 1129
399 0 1472
400 0 722
400 0 1130
400 0 1472
401 0 724
401 0 1131
401 0 1469
402 0 724
402 0 1132
402 0 1466
403 0 724
403 0 1133
403 0 1469
404 0 724
404 0 1134
404 0 1469
405 0 722
405 0 1135
405 0 1452
406 0 722
406 0 1136
406 0 1464
407 0 722
407 0 1137
407 0 1460
408 0 724
408 0 1138
408 0 1463
409 0 724
409 0 1139
409 0 1463
410 0 722
410 0 1140
410 0 1472
411 0 722
411 0 1141
411 0 1472
412 0 724
412 0 1142
412 0 1466
413 0 724
413 0 1143
413 0 1466
414 0 724
414 0 1144
414 0 1466
415 0 724
415 0 1145
415 0 1466
416 0 724
416 0 1146
416 0 1466
417 0 722
417 0 1147
417 0 1472
418 0 722
418 0 1148
418 0 1464
419 0 728
419 0 1149
419 0 1468
420 0 727
420 0 1150
420 0 1487
421 0 722
421 0 1151
421 0 1452
422 0 722
422 0 1152
422 0 1452
423 0 722
423 0 1153
423 0 1454
424 0 722
424 0 1154
424 0 1454
425 0 724
425 0 1155
425 0 1470
426 0 724
426 0 1156
426 0 1453
427 0 722
427 0 1157
427 0 1452
428 0 722
428 0 1158
428 0 1452
429 0 722
429 0 1159
429 0 1452
430 0 722
430 0 1160
430 0 1452
431 0 722
431 0 1161
431 0 1452
432 0 724
432 0 1162
432 0 1470
433 0 724
433 0 1163
433 0 1453
434 0 724
434 0 1164
434 0 1453
435 0 724
435 0 1165
435 0 1453
436 0 722
436 0 1166
436 0 1482
437 0 722
437 0 1167
437 0 1482
438 0 722
438 0 1168
438 0 1482
439 0 722
439 0 1169
439 0 1482
440 0 722
440 0 1170
440 0 1452
441 0 724
441 0 1171
441 0 1470
442 0 724
442 0 1172
442 0 1466
443 0 724
443 0 1173
443 0 1466
444 0 722
444 0 1174
444 0 1452
445 0 724
445 0 1175
445 0 1466
446 0 722
446 0 1176
446 0 1462
447 0 722
447 0 1177
447 0 1462
448 0 722
448 0 1178
448 0 1462
449 0 727
449 0 1179
449 0 1456
450 0 727
450 0 1180
450 0 1471
451 0 727
451 0 1181
451 0 1471
452 0 727
452 0 1182
452 0 1471
453 0 727
453 0 1183
453 0 1475
454 0 727
454 0 1184
454 0 1456
455 0 729
455 0 1185
455 0 1483
456 0 724
456 0 1186
456 0 1478
457 0 724
457 0 1187
457 0 1478
458 0 727
458 0 1188
458 0 1456
459 0 727
459 0 1189
459 0 1456
460 0 727
460 0 1190
460 0 1456
461 0 727
461 0 1191
461 0 1459
462 0 727
462 0 1192
462 0 1456
463 0 729
463 0 1193
463 0 1473
464 0 724
464 0 1194
464 0 1463
465 0 724
465 0 1195
465 0 1463
466 0 724
466 0 1196
466 0 1463
467 0 727
467 0 1197
467 0 1461
468 0 729
468 0 1198
468 0 1473
469 0 729
469 0 1199
469 0 1483
470 0 722
470 0 1200
470 0 1467
471 0 722
471 0 1201
471 0 1467
472 0 723
472 0 1202
472 0 1479
473 0 727
473 0 1203
473 0 1461
474 0 727
474 0 1204
474 0 1481
475 0 722
475 0 1205
475 0 1472
476 0 727
476 0 1206
476 0 1459
477 0 726
477 0 1207
477 0 1458
478 0 724
478 0 1208
478 0 1465
479 0 724
479 0 1209
479 0 1465
480 0 729
480 0 1210
480 0 1473
481 0 726
481 0 1211
481 0 1458
482 0 727
482 0 1212
482 0 1475
483 0 724
483 0 1213
483 0 1470
484 0 724
484 0 1214
484 0 1470
485 0 724
485 0 1215
485 0 1477
486 0 724
486 0 1216
486 0 1477
487 0 724
487 0 1217
487 0 1477
488 0 724
488 0 1218
488 0 1477
489 0 724
489 0 1219
489 0 1477
490 0 724
490 0 1220
490 0 1477
491 0 727
491 0 1221
491 0 1455
492 0 722
492 0 1222
492 0 1474
493 0 722
493 0 1223
493 0 1476
494 0 722
494 0 1224
494 0 1454
495 0 722
495 0 1225
495 0 1454
496 0 722
496 0 1226
496 0 1454
497 0 722
497 0 1227
497 0 1454
498 0 722
498 0 1228
498 0 1476
499 0 722
499 0 1229
499 0 1476
500 0 727
500 0 1230
500 0 1475
501 0 727
501 0 1231
501 0 1475
502 0 726
502 0 1232
502 0 1458
503 0 723
503 0 1233
503 0 1488
504 0 723
504 0 1234
504 0 1488
505 0 722
505 0 1235
505 0 1464
506 0 722
506 0 1236
506 0 1464
507 0 727
507 0 1237
507 0 1456
508 0 727
508 0 1238
508 0 1459
509 0 727
509 0 1239
509 0 1456
510 0 727
510 0 1240
510 0 1456
511 0 727
511 0 1241
511 0 1456
512 0 722
512 0 1242
512 0 1454
513 0 727
513 0 1243
513 0 1487
514 0 729
514 0 1244
514 0 1483
515 0 724
515 0 1245
515 0 1477
516 0 724
516 0 1246
516 0 1477
517 0 724
517 0 1247
517 0 1477
518 0 724
518 0 1248
518 0 1477
519 0 724
519 0 1249
519 0 1477
520 0 724
520 0 1250
520 0 1477
521 0 724
521 0 1251
521 0 1477
522 0 724
522 0 1252
522 0 1477
523 0 724
523 0 1253
523 0 1477
524 0 724
524 0 1254
524 0 1477
525 0 727
525 0 1255
525 0 1456
526 0 729
526 0 1256
526 0 1483
527 0 729
527 0 1257
527 0 1483
528 0 729
528 0 1258
528 0 1483
529 0 724
529 0 1259
529 0 1466
530 0 729
530 0 1260
530 0 1483
531 0 729
531 0 1261
531 0 1483
532 0 729
532 0 1262
532 0 1483
533 0 729
533 0 1263
533 0 1483
534 0 729
534 0 1264
534 0 1483
535 0 729
535 0 1265
535 0 1483
536 0 722
536 0 1266
536 0 1482
537 0 724
537 0 1267
537 0 1463
538 0 727
538 0 1268
538 0 1481
539 0 724
539 0 1269
539 0 1453
540 0 722
540 0 1270
540 0 1462
541 0 722
541 0 1271
541 0 1472
542 0 724
542 0 1272
542 0 1466
543 0 724
543 0 1273
543 0 1466
544 0 723
544 0 1274
544 0 1479
545 0 727
545 0 1275
545 0 1456
546 0 722
546 0 1276
546 0 1482
547 0 724
547 0 1277
547 0 1463
548 0 724
548 0 1278
548 0 1480
549 0 722
549 0 1279
549 0 1467
550 0 722
550 0 1280
550 0 1482
551 0 722
551 0 1281
551 0 1482
552 0 722
552 0 1282
552 0 1482
553 0 722
553 0 1283
553 0 1482
554 0 724
554 0 1284
554 0 1453
555 0 724
555 0 1285
555 0 1463
556 0 724
556 0 1286
556 0 1463
557 0 727
557 0 1287
557 0 1471
558 0 727
558 0 1288
558 0 1471
559 0 727
559 0 1289
559 0 1471
560 0 727
560 0 1290
560 0 1471
561 0 724
561 0 1291
561 0 1477
562 0 722
562 0 1292
562 0 1490
563 0 722
563 0 1293
563 0 1464
564 0 722
564 0 1294
564 0 1464
565 0 722
565 0 1295
565 0 1464
566 0 727
566 0 1296
566 0 1459
567 0 727
567 0 1297
567 0 1459
568 0 723
568 0 1298
568 0 1479
569 0 724
569 0 1299
569 0 1453
570 0 724
570 0 1300
570 0 1480
571 0 727
571 0 1301
571 0 1455
572 0 722
572 0 1302
572 0 1454
573 0 727
573 0 1303
573 0 1456
574 0 722
574 0 1304
574 0 1464
575 0 727
575 0 1305
575 0 1481
576 0 727
576 0 1306
576 0 1481
577 0 727
577 0 1307
577 0 1481
578 0 727
578 0 1308
578 0 1455
579 0 727
579 0 1309
579 0 1455
580 0 722
580 0 1310
580 0 1482
581 0 722
581 0 1311
581 0 1482
582 0 722
582 0 1312
582 0 1482
583 0 722
583 0 1313
583 0 1482
584 0 722
584 0 1314
584 0 1464
585 0 722
585 0 1315
585 0 1464
586 0 724
586 0 1316
586 0 1466
587 0 722
587 0 1317
587 0 1464
588 0 724
588 0 1318
588 0 1453
589 0 722
589 0 1319
589 0 1467
590 0 722
590 0 1320
590 0 1467
591 0 727
591 0 1321
591 0 1455
592 0 722
592 0 1322
592 0 1484
593 0 722
593 0 1323
593 0 1482
594 0 722
594 0 1324
594 0 1467
595 0 722
595 0 1325
595 0 1467
596 0 722
596 0 1326
596 0 1482
597 0 722
597 0 1327
597 0 1482
598 0 722
598 0 1328
598 0 1476
599 0 722
599 0 1329
599 0 1476
600 0 722
600 0 1330
600 0 1476
601 0 727
601 0 1331
601 0 1481
602 0 727
602 0 1332
602 0 1481
603 0 726
603 0 1333
603 0 1458
604 0 722
604 0 1334
604 0 1474
605 0 727
605 0 1335
605 0 1475
606 0 724
606 0 1336
606 0 1477
607 0 724
607 0 1337
607 0 1477
608 0 727
608 0 1338
608 0 1455
609 0 722
609 0 1339
609 0 1464
610 0 722
610 0 1340
610 0 1464
611 0 722
611 0 1341
611 0 1464
612 0 729
612 0 1342
612 0 1483
613 0 729
613 0 1343
613 0 1483
614 0 724
614 0 1344
614 0 1466
615 0 724
615 0 1345
615 0 1463
616 0 724
616 0 1346
616 0 1463
617 0 724
617 0 1347
617 0 1466
618 0 724
618 0 1348
618 0 1466
619 0 724
619 0 1349
619 0 1453
620 0 724
620 0 1350
620 0 1453
621 0 724
621 0 1351
621 0 1453
622 0 724
622 0 1352
622 0 1453
623 0 724
623 0 1353
623 0 1453
624 0 724
624 0 1354
624 0 1466
625 0 724
625 0 1355
625 0 1453
626 0 723
626 0 1356
626 0 1479
627 0 727
627 0 1357
627 0 1455
628 0 727
628 0 1358
628 0 1455
629 0 727
629 0 1359
629 0 1486
630 0 722
630 0 1360
630 0 1484
631 0 722
631 0 1361
631 0 1484
632 0 722
632 0 1362
632 0 1484
633 0 722
633 0 1363
633 0 1484
634 0 722
634 0 1364
634 0 1484
635 0 722
635 0 1365
635 0 1484
636 0 722
636 0 1366
636 0 1484
637 0 722
637 0 1367
637 0 1484
638 0 722
638 0 1368
638 0 1484
639 0 722
639 0 1369
639 0 1484
640 0 724
640 0 1370
640 0 1485
641 0 724
641 0 1371
641 0 1485
642 0 724
642 0 1372
642 0 1485
643 0 724
643 0 1373
643 0 1485
644 0 722
644 0 1374
644 0 1460
645 0 722
645 0 1375
645 0 1464
646 0 724
646 0 1376
646 0 1465
647 0 724
647 0 1377
647 0 1485
648 0 724
648 0 1378
648 0 1485
649 0 724
649 0 1379
649 0 1485
650 0 724
650 0 1380
650 0 1485
651 0 724
651 0 1381
651 0 1485
652 0 724
652 0 1382
652 0 1485
653 0 724
653 0 1383
653 0 1485
654 0 724
654 0 1384
654 0 1485
655 0 724
655 0 1385
655 0 1485
656 0 727
656 0 1386
656 0 1475
657 0 727
657 0 1387
657 0 1487
658 0 727
658 0 1388
658 0 1487
659 0 727
659 0 1389
659 0 1487
660 0 727
660 0 1390
660 0 1487
661 0 727
661 0 1391
661 0 1487
662 0 727
662 0 1392
662 0 1487
663 0 727
663 0 1393
663 0 1461
664 0 727
664 0 1394
664 0 1461
665 0 727
665 0 1395
665 0 1461
666 0 727
666 0 1396
666 0 1461
667 0 727
667 0 1397
667 0 1461
668 0 727
668 0 1398
668 0 1481
669 0 723
669 0 1399
669 0 1488
670 0 723
670 0 1400
670 0 1488
671 0 723
671 0 1401
671 0 1488
672 0 723
672 0 1402
672 0 1488
673 0 723
673 0 1403
673 0 1488
674 0 727
674 0 1404
674 0 1456
675 0 724
675 0 1405
675 0 1453
676 0 722
676 0 1406
676 0 1482
677 0 724
677 0 1407
677 0 1463
678 0 724
678 0 1408
678 0 1463
679 0 727
679 0 1409
679 0 1455
680 0 727
680 0 1410
680 0 1456
681 0 724
681 0 1411
681 0 1463
682 0 724
682 0 1412
682 0 1463
683 0 724
683 0 1413
683 0 1463
684 0 727
684 0 1414
684 0 1456
685 0 729
685 0 1415
685 0 1483
686 0 723
686 0 1416
686 0 1488
687 0 724
687 0 1417
687 0 1477
688 0 724
688 0 1418
688 0 1477
689 0 722
689 0 1419
689 0 1482
690 0 722
690 0 1420
690 0 1482
691 0 729
691 0 1421
691 0 1483
692 0 722
692 0 1422
692 0 1490
693 0 722
693 0 1423
693 0 1476
694 0 727
694 0 1424
694 0 1456
695 0 723
695 0 1425
695 0 1479
696 0 723
696 0 1426
696 0 1479
697 0 727
697 0 1427
697 0 1471
698 0 727
698 0 1428
698 0 1455
699 0 727
699 0 1429
699 0 1455
700 0 727
700 0 1430
700 0 1455
701 0 727
701 0 1431
701 0 1455
702 0 727
702 0 1432
702 0 1455
703 0 727
703 0 1433
703 0 1455
704 0 727
704 0 1434
704 0 1455
705 0 727
705 0 1435
705 0 1455
706 0 727
706 0 1436
706 0 1455
707 0 727
707 0 1437
707 0 1455
708 0 727
708 0 1438
708 0 1455
709 0 727
709 0 1439
709 0 1455
710 0 727
710 0 1440
710 0 1455
711 0 724
711 0 1441
711 0 1470
712 0 724
712 0 1442
712 0 1463
713 0 722
713 0 1443
713 0 1482
714 0 722
714 0 1444
714 0 1482
715 0 722
715 0 1445
715 0 1482
716 0 722
716 0 1446
716 0 1482
717 0 724
717 0 1447
717 0 1466
718 0 724
718 0 1448
718 0 1477
719 0 729
719 0 1449
719 0 1483
720 0 729
720 0 1450
720 0 1483
721 0 729
721 0 1451
721 0 1483
0 1 1491
0 1 1499
1 1 1491
1 1 1500
2 1 1491
2 1 1501
3 1 1491
3 1 1502
4 1 1491
4 1 1503
5 1 1491
5 1 1504
6 1 1491
6 1 1505
7 1 1493
7 1 1506
8 1 1491
8 1 1507
9 1 1493
9 1 1508
10 1 1493
10 1 1509
11 1 1491
11 1 1510
12 1 1491
12 1 1511
13 1 1491
13 1 1512
14 1 1493
14 1 1513
15 1 1493
15 1 1514
16 1 1493
16 1 1515
17 1 1493
17 1 1516
18 1 1493
18 1 1517
19 1 1493
19 1 1518
20 1 1491
20 1 1519
21 1 1493
21 1 1520
22 1 1493
22 1 1521
23 1 1493
23 1 1522
24 1 1493
24 1 1523
25 1 1493
25 1 1524
26 1 1491
26 1 1525
27 1 1493
27 1 1526
28 1 1493
28 1 1527
29 1 1493
29 1 1528
30 1 1493
30 1 1529
31 1 1493
31 1 1530
32 1 1493
32 1 1531
33 1 1493
33 1 1532
34 1 1493
34 1 1533
35 1 1491
35 1 1534
36 1 1491
36 1 1535
37 1 1491
37 1 1536
38 1 1496
38 1 1537
39 1 1496
39 1 1538
40 1 1496
40 1 1539
41 1 1496
41 1 1540
42 1 1496
42 1 1541
43 1 1492
43 1 1542
44 1 1496
44 1 1543
45 1 1496
45 1 1544
46 1 1496
46 1 1545
47 1 1492
47 1 1546
48 1 1496
48 1 1547
49 1 1496
49 1 1548
50 1 1496
50 1 1549
51 1 1493
51 1 1550
52 1 1493
52 1 1551
53 1 1491
53 1 1552
54 1 1491
54 1 1553
55 1 1491
55 1 1554
56 1 1491
56 1 1555
57 1 1491
57 1 1556
58 1 1493
58 1 1557
59 1 1496
59 1 1558
60 1 1496
60 1 1559
61 1 1496
61 1 1560
62 1 1496
62 1 1561
63 1 1496
63 1 1562
64 1 1496
64 1 1563
65 1 1496
65 1 1564
66 1 1496
66 1 1565
67 1 1496
67 1 1566
68 1 1496
68 1 1567
69 1 1496
69 1 1568
70 1 1496
70 1 1569
71 1 1496
71 1 1570
72 1 1496
72 1 1571
73 1 1496
73 1 1572
74 1 1496
74 1 1573
75 1 1496
75 1 1574
76 1 1493
76 1 1575
77 1 1493
77 1 1576
78 1 1493
78 1 1577
79 1 1493
79 1 1578
80 1 1493
80 1 1579
81 1 1493
81 1 1580
82 1 1493
82 1 1581
83 1 1493
83 1 1582
84 1 1498
84 1 1583
85 1 1496
85 1 1584
86 1 1493
86 1 1585
87 1 1493
87 1 1586
88 1 1493
88 1 1587
89 1 1496
89 1 1588
90 1 1496
90 1 1589
91 1 1496
91 1 1590
92 1 1498
92 1 1591
93 1 1498
93 1 1592
94 1 1496
94 1 1593
95 1 1498
95 1 1594
96 1 1493
96 1 1595
97 1 1496
97 1 1596
98 1 1495
98 1 1597
99 1 1493
99 1 1598
100 1 1496
100 1 1599
101 1 1496
101 1 1600
102 1 1491
102 1 1601
103 1 1491
103 1 1602
104 1 1491
104 1 1603
105 1 1491
105 1 1604
106 1 1491
106 1 1605
107 1 1491
107 1 1606
108 1 1491
108 1 1607
109 1 1498
109 1 1608
110 1 1491
110 1 1609
111 1 1493
111 1 1610
112 1 1493
112 1 1611
113 1 1493
113 1 1612
114 1 1493
114 1 1613
115 1 1493
115 1 1614
116 1 1493
116 1 1615
117 1 1492
117 1 1616
118 1 1492
118 1 1617
119 1 1491
119 1 1618
120 1 1491
120 1 1619
121 1 1491
121 1 1620
122 1 1493
122 1 1621
123 1 1493
123 1 1622
124 1 1491
124 1 1623
125 1 1491
125 1 1624
126 1 1496
126 1 1625
127 1 1496
127 1 1626
128 1 1496
128 1 1627
129 1 1497
129 1 1628
130 1 1497
130 1 1629
131 1 1496
131 1 1630
132 1 1496
132 1 1631
133 1 1496
133 1 1632
134 1 1492
134 1 1633
135 1 1496
135 1 1634
136 1 1496
136 1 1635
137 1 1491
137 1 1636
138 1 1497
138 1 1637
139 1 1491
139 1 1638
140 1 1491
140 1 1639
141 1 1493
141 1 1640
142 1 1493
142 1 1641
143 1 1493
143 1 1642
144 1 1493
144 1 1643
145 1 1493
145 1 1644
146 1 1493
146 1 1645
147 1 1491
147 1 1646
148 1 1491
148 1 1647
149 1 1494
149 1 1648
150 1 1496
150 1 1649
151 1 1496
151 1 1650
152 1 1493
152 1 1651
153 1 1493
153 1 1652
154 1 1493
154 1 1653
155 1 1493
155 1 1654
156 1 1493
156 1 1655
157 1 1493
157 1 1656
158 1 1498
158 1 1657
159 1 1498
159 1 1658
160 1 1498
160 1 1659
161 1 1498
161 1 1660
162 1 1491
162 1 1661
163 1 1491
163 1 1662
164 1 1493
164 1 1663
165 1 1493
165 1 1664
166 1 1493
166 1 1665
167 1 1493
167 1 1666
168 1 1493
168 1 1667
169 1 1493
169 1 1668
170 1 1491
170 1 1669
171 1 1491
171 1 1670
172 1 1492
172 1 1671
173 1 1493
173 1 1672
174 1 1498
174 1 1673
175 1 1495
175 1 1674
176 1 1495
176 1 1675
177 1 1491
177 1 1676
178 1 1493
178 1 1677
179 1 1491
179 1 1678
180 1 1491
180 1 1679
181 1 1493
181 1 1680
182 1 1491
182 1 1681
183 1 1491
183 1 1682
184 1 1493
184 1 1683
185 1 1493
185 1 1684
186 1 1493
186 1 1685
187 1 1493
187 1 1686
188 1 1493
188 1 1687
189 1 1493
189 1 1688
190 1 1493
190 1 1689
191 1 1493
191 1 1690
192 1 1493
192 1 1691
193 1 1491
193 1 1692
194 1 1491
194 1 1693
195 1 1491
195 1 1694
196 1 1491
196 1 1695
197 1 1491
197 1 1696
198 1 1491
198 1 1697
199 1 1491
199 1 1698
200 1 1493
200 1 1699
201 1 1493
201 1 1700
202 1 1493
202 1 1701
203 1 1493
203 1 1702
204 1 1493
204 1 1703
205 1 1493
205 1 1704
206 1 1493
206 1 1705
207 1 1493
207 1 1706
208 1 1493
208 1 1707
209 1 1493
209 1 1708
210 1 1493
210 1 1709
211 1 1493
211 1 1710
212 1 1493
212 1 1711
213 1 1493
213 1 1712
214 1 1493
214 1 1713
215 1 1491
215 1 1714
216 1 1491
216 1 1715
217 1 1498
217 1 1716
218 1 1498
218 1 1717
219 1 1491
219 1 1718
220 1 1491
220 1 1719
221 1 1491
221 1 1720
222 1 1491
222 1 1721
223 1 1491
223 1 1722
224 1 1493
224 1 1723
225 1 1493
225 1 1724
226 1 1493
226 1 1725
227 1 1493
227 1 1726
228 1 1493
228 1 1727
229 1 1491
229 1 1728
230 1 1491
230 1 1729
231 1 1491
231 1 1730
232 1 1491
232 1 1731
233 1 1492
233 1 1732
234 1 1498
234 1 1733
235 1 1498
235 1 1734
236 1 1491
236 1 1735
237 1 1491
237 1 1736
238 1 1491
238 1 1737
239 1 1491
239 1 1738
240 1 1491
240 1 1739
241 1 1493
241 1 1740
242 1 1491
242 1 1741
243 1 1491
243 1 1742
244 1 1493
244 1 1743
245 1 1491
245 1 1744
246 1 1491
246 1 1745
247 1 1491
247 1 1746
248 1 1491
248 1 1747
249 1 1491
249 1 1748
250 1 1491
250 1 1749
251 1 1491
251 1 1750
252 1 1491
252 1 1751
253 1 1491
253 1 1752
254 1 1496
254 1 1753
255 1 1493
255 1 1754
256 1 1493
256 1 1755
257 1 1493
257 1 1756
258 1 1493
258 1 1757
259 1 1493
259 1 1758
260 1 1493
260 1 1759
261 1 1493
261 1 1760
262 1 1493
262 1 1761
263 1 1493
263 1 1762
264 1 1493
264 1 1763
265 1 1493
265 1 1764
266 1 1491
266 1 1765
267 1 1491
267 1 1766
268 1 1491
268 1 1767
269 1 1493
269 1 1768
270 1 1493
270 1 1769
271 1 1496
271 1 1770
272 1 1496
272 1 1771
273 1 1496
273 1 1772
274 1 1496
274 1 1773
275 1 1496
275 1 1774
276 1 1496
276 1 1775
277 1 1496
277 1 1776
278 1 1496
278 1 1777
279 1 1493
279 1 1778
280 1 1491
280 1 1779
281 1 1491
281 1 1780
282 1 1491
282 1 1781
283 1 1491
283 1 1782
284 1 1491
284 1 1783
285 1 1491
285 1 1784
286 1 1491
286 1 1785
287 1 1491
287 1 1786
288 1 1491
288 1 1787
289 1 1491
289 1 1788
290 1 1496
290 1 1789
291 1 1491
291 1 1790
292 1 1491
292 1 1791
293 1 1491
293 1 1792
294 1 1491
294 1 1793
295 1 1492
295 1 1794
296 1 1493
296 1 1795
297 1 1493
297 1 1796
298 1 1496
298 1 1797
299 1 1493
299 1 1798
300 1 1491
300 1 1799
301 1 1491
301 1 1800
302 1 1491
302 1 1801
303 1 1498
303 1 1802
304 1 1491
304 1 1803
305 1 1491
305 1 1804
306 1 1491
306 1 1805
307 1 1491
307 1 1806
308 1 1496
308 1 1807
309 1 1496
309 1 1808
310 1 1496
310 1 1809
311 1 1493
311 1 1810
312 1 1493
312 1 1811
313 1 1493
313 1 1812
314 1 1491
314 1 1813
315 1 1493
315 1 1814
316 1 1492
316 1 1815
317 1 1491
317 1 1816
318 1 1496
318 1 1817
319 1 1493
319 1 1818
320 1 1493
320 1 1819
321 1 1493
321 1 1820
322 1 1493
322 1 1821
323 1 1493
323 1 1822
324 1 1493
324 1 1823
325 1 1493
325 1 1824
326 1 1493
326 1 1825
327 1 1493
327 1 1826
328 1 1496
328 1 1827
329 1 1493
329 1 1828
330 1 1493
330 1 1829
331 1 1493
331 1 1830
332 1 1495
332 1 1831
333 1 1494
333 1 1832
334 1 1495
334 1 1833
335 1 1495
335 1 1834
336 1 1491
336 1 1835
337 1 1491
337 1 1836
338 1 1491
338 1 1837
339 1 1491
339 1 1838
340 1 1491
340 1 1839
341 1 1491
341 1 1840
342 1 1491
342 1 1841
343 1 1491
343 1 1842
344 1 1496
344 1 1843
345 1 1491
345 1 1844
346 1 1491
346 1 1845
347 1 1497
347 1 1846
348 1 1492
348 1 1847
349 1 1491
349 1 1848
350 1 1493
350 1 1849
351 1 1491
351 1 1850
352 1 1491
352 1 1851
353 1 1491
353 1 1852
354 1 1491
354 1 1853
355 1 1491
355 1 1854
356 1 1491
356 1 1855
357 1 1491
357 1 1856
358 1 1491
358 1 1857
359 1 1491
359 1 1858
360 1 1859
361 1 1491
361 1 1860
362 1 1491
362 1 1861
363 1 1491
363 1 1862
364 1 1491
364 1 1863
365 1 1491
365 1 1864
366 1 1491
366 1 1865
367 1 1491
367 1 1866
368 1 1498
368 1 1867
369 1 1496
369 1 1868
370 1 1492
370 1 1869
371 1 1492
371 1 1870
372 1 1492
372 1 1871
373 1 1493
373 1 1872
374 1 1493
374 1 1873
375 1 1493
375 1 1874
376 1 1493
376 1 1875
377 1 1493
377 1 1876
378 1 1493
378 1 1877
379 1 1492
379 1 1878
380 1 1491
380 1 1879
381 1 1492
381 1 1880
382 1 1493
382 1 1881
383 1 1493
383 1 1882
384 1 1491
384 1 1883
385 1 1491
385 1 1884
386 1 1493
386 1 1885
387 1 1493
387 1 1886
388 1 1493
388 1 1887
389 1 1493
389 1 1888
390 1 1493
390 1 1889
391 1 1493
391 1 1890
392 1 1493
392 1 1891
393 1 1493
393 1 1892
394 1 1493
394 1 1893
395 1 1493
395 1 1894
396 1 1493
396 1 1895
397 1 1491
397 1 1896
398 1 1491
398 1 1897
399 1 1491
399 1 1898
400 1 1491
400 1 1899
401 1 1493
401 1 1900
402 1 1493
402 1 1901
403 1 1493
403 1 1902
404 1 1493
404 1 1903
405 1 1491
405 1 1904
406 1 1491
406 1 1905
407 1 1491
407 1 1906
408 1 1493
408 1 1907
409 1 1493
409 1 1908
410 1 1491
410 1 1909
411 1 1491
411 1 1910
412 1 1493
412 1 1911
413 1 1493
413 1 1912
414 1 1493
414 1 1913
415 1 1493
415 1 1914
416 1 1493
416 1 1915
417 1 1491
417 1 1916
418 1 1491
418 1 1917
419 1 1497
419 1 1918
420 1 1496
420 1 1919
421 1 1491
421 1 1920
422 1 1491
422 1 1921
423 1 1491
423 1 1922
424 1 1491
424 1 1923
425 1 1493
425 1 1924
426 1 1493
426 1 1925
427 1 1491
427 1 1926
428 1 1491
428 1 1927
429 1 1491
429 1 1928
430 1 1491
430 1 1929
431 1 1491
431 1 1930
432 1 1493
432 1 1931
433 1 1493
433 1 1932
434 1 1493
434 1 1933
435 1 1493
435 1 1934
436 1 1491
436 1 1935
437 1 1491
437 1 1936
438 1 1491
438 1 1937
439 1 1491
439 1 1938
440 1 1491
440 1 1939
441 1 1493
441 1 1940
442 1 1493
442 1 1941
443 1 1493
443 1 1942
444 1 1491
444 1 1943
445 1 1493
445 1 1944
446 1 1491
446 1 1945
447 1 1491
447 1 1946
448 1 1491
448 1 1947
449 1 1496
449 1 1948
450 1 1496
450 1 1949
451 1 1496
451 1 1950
452 1 1496
452 1 1951
453 1 1496
453 1 1952
454 1 1496
454 1 1953
455 1 1498
455 1 1954
456 1 1493
456 1 1955
457 1 1493
457 1 1956
458 1 1496
458 1 1957
459 1 1496
459 1 1958
460 1 1496
460 1 1959
461 1 1496
461 1 1960
462 1 1496
462 1 1961
463 1 1498
463 1 1962
464 1 1493
464 1 1963
465 1 1493
465 1 1964
466 1 1493
466 1 1965
467 1 1496
467 1 1966
468 1 1498
468 1 1967
469 1 1498
469 1 1968
470 1 1491
470 1 1969
471 1 1491
471 1 1970
472 1 1492
472 1 1971
473 1 1496
473 1 1972
474 1 1496
474 1 1973
475 1 1491
475 1 1974
476 1 1496
476 1 1975
477 1 1495
477 1 1976
478 1 1493
478 1 1977
479 1 1493
479 1 1978
480 1 1498
480 1 1979
481 1 1495
481 1 1980
482 1 1496
482 1 1981
483 1 1493
483 1 1982
484 1 1493
484 1 1983
485 1 1493
485 1 1984
486 1 1493
486 1 1985
487 1 1493
487 1 1986
488 1 1493
488 1 1987
489 1 1493
489 1 1988
490 1 1493
490 1 1989
491 1 1496
491 1 1990
492 1 1491
492 1 1991
493 1 1491
493 1 1992
494 1 1491
494 1 1993
495 1 1491
495 1 1994
496 1 1491
496 1 1995
497 1 1491
497 1 1996
498 1 1491
498 1 1997
499 1 1491
499 1 1998
500 1 1496
500 1 1999
501 1 1496
501 1 2000
502 1 1495
502 1 2001
503 1 1492
503 1 2002
504 1 1492
504 1 2003
505 1 1491
505 1 2004
506 1 1491
506 1 2005
507 1 1496
507 1 2006
508 1 1496
508 1 2007
509 1 1496
509 1 2008
510 1 1496
510 1 2009
511 1 1496
511 1 2010
512 1 1491
512 1 2011
513 1 1496
513 1 2012
514 1 1498
514 1 2013
515 1 1493
515 1 2014
516 1 1493
516 1 2015
517 1 1493
517 1 2016
518 1 1493
518 1 2017
519 1 1493
519 1 2018
520 1 1493
520 1 2019
521 1 1493
521 1 2020
522 1 1493
522 1 2021
523 1 1493
523 1 2022
524 1 1493
524 1 2023
525 1 1496
525 1 2024
526 1 1498
526 1 2025
527 1 1498
527 1 2026
528 1 1498
528 1 2027
529 1 1493
529 1 2028
530 1 1498
530 1 2029
531 1 1498
531 1 2030
532 1 1498
532 1 2031
533 1 1498
533 1 2032
534 1 1498
534 1 2033
535 1 1498
535 1 2034
536 1 1491
536 1 2035
537 1 1493
537 1 2036
538 1 1496
538 1 2037
539 1 1493
539 1 2038
540 1 1491
540 1 2039
541 1 1491
541 1 2040
542 1 1493
542 1 2041
543 1 1493
543 1 2042
544 1 1492
544 1 2043
545 1 1496
545 1 2044
546 1 1491
546 1 2045
547 1 1493
547 1 2046
548 1 1493
548 1 2047
549 1 1491
549 1 2048
550 1 1491
550 1 2049
551 1 1491
551 1 2050
552 1 1491
552 1 2051
553 1 1491
553 1 2052
554 1 1493
554 1 2053
555 1 1493
555 1 2054
556 1 1493
556 1 2055
557 1 1496
557 1 2056
558 1 1496
558 1 2057
559 1 1496
559 1 2058
560 1 1496
560 1 2059
561 1 1493
561 1 2060
562 1 1491
562 1 2061
563 1 1491
563 1 2062
564 1 1491
564 1 2063
565 1 1491
565 1 2064
566 1 1496
566 1 2065
567 1 1496
567 1 2066
568 1 1492
568 1 2067
569 1 1493
569 1 2068
570 1 1493
570 1 2069
571 1 1496
571 1 2070
572 1 1491
572 1 2071
573 1 1496
573 1 2072
574 1 1491
574 1 2073
575 1 1496
575 1 2074
576 1 1496
576 1 2075
577 1 1496
577 1 2076
578 1 1496
578 1 2077
579 1 1496
579 1 2078
580 1 1491
580 1 2079
581 1 1491
581 1 2080
582 1 1491
582 1 2081
583 1 1491
583 1 2082
584 1 1491
584 1 2083
585 1 1491
585 1 2084
586 1 1493
586 1 2085
587 1 1491
587 1 2086
588 1 1493
588 1 2087
589 1 1491
589 1 2088
590 1 1491
590 1 2089
591 1 1496
591 1 2090
592 1 1491
592 1 2091
593 1 1491
593 1 2092
594 1 1491
594 1 2093
595 1 1491
595 1 2094
596 1 1491
596 1 2095
597 1 1491
597 1 2096
598 1 1491
598 1 2097
599 1 1491
599 1 2098
600 1 1491
600 1 2099
601 1 1496
601 1 2100
602 1 1496
602 1 2101
603 1 1495
603 1 2102
604 1 1491
604 1 2103
605 1 1496
605 1 2104
606 1 1493
606 1 2105
607 1 1493
607 1 2106
608 1 1496
608 1 2107
609 1 1491
609 1 2108
610 1 1491
610 1 2109
611 1 1491
611 1 2110
612 1 1498
612 1 2111
613 1 1498
613 1 2112
614 1 1493
614 1 2113
615 1 1493
615 1 2114
616 1 1493
616 1 2115
617 1 1493
617 1 2116
618 1 1493
618 1 2117
619 1 1493
619 1 2118
620 1 1493
620 1 2119
621 1 1493
621 1 2120
622 1 1493
622 1 2121
623 1 1493
623 1 2122
624 1 1493
624 1 2123
625 1 1493
625 1 2124
626 1 1492
626 1 2125
627 1 1496
627 1 2126
628 1 1496
628 1 2127
629 1 1496
629 1 2128
630 1 1491
630 1 2129
631 1 1491
631 1 2130
632 1 1491
632 1 2131
633 1 1491
633 1 2132
634 1 1491
634 1 2133
635 1 1491
635 1 2134
636 1 1491
636 1 2135
637 1 1491
637 1 2136
638 1 1491
638 1 2137
639 1 1491
639 1 2138
640 1 1493
640 1 2139
641 1 1493
641 1 2140
642 1 1493
642 1 2141
643 1 1493
643 1 2142
644 1 1491
644 1 2143
645 1 1491
645 1 2144
646 1 1493
646 1 2145
647 1 1493
647 1 2146
648 1 1493
648 1 2147
649 1 1493
649 1 2148
650 1 1493
650 1 2149
651 1 1493
651 1 2150
652 1 1493
652 1 2151
653 1 1493
653 1 2152
654 1 1493
654 1 2153
655 1 1493
655 1 2154
656 1 1496
656 1 2155
657 1 1496
657 1 2156
658 1 1496
658 1 2157
659 1 1496
659 1 2158
660 1 1496
660 1 2159
661 1 1496
661 1 2160
662 1 1496
662 1 2161
663 1 1496
663 1 2162
664 1 1496
664 1 2163
665 1 1496
665 1 2164
666 1 1496
666 1 2165
667 1 1496
667 1 2166
668 1 1496
668 1 2167
669 1 1492
669 1 2168
670 1 1492
670 1 2169
671 1 1492
671 1 2170
672 1 1492
672 1 2171
673 1 1492
673 1 2172
674 1 1496
674 1 2173
675 1 1493
675 1 2174
676 1 1491
676 1 2175
677 1 1493
677 1 2176
678 1 1493
678 1 2177
679 1 1496
679 1 2178
680 1 1496
680 1 2179
681 1 1493
681 1 2180
682 1 1493
682 1 2181
683 1 1493
683 1 2182
684 1 1496
684 1 2183
685 1 1498
685 1 2184
686 1 1492
686 1 2185
687 1 1493
687 1 2186
688 1 1493
688 1 2187
689 1 1491
689 1 2188
690 1 1491
690 1 2189
691 1 1498
691 1 2190
692 1 1491
692 1 2191
693 1 1491
693 1 2192
694 1 1496
694 1 2193
695 1 1492
695 1 2194
696 1 1492
696 1 2195
697 1 1496
697 1 2196
698 1 1496
698 1 2197
699 1 1496
699 1 2198
700 1 1496
700 1 2199
701 1 1496
701 1 2200
702 1 1496
702 1 2201
703 1 1496
703 1 2202
704 1 1496
704 1 2203
705 1 1496
705 1 2204
706 1 1496
706 1 2205
707 1 1496
707 1 2206
708 1 1496
708 1 2207
709 1 1496
709 1 2208
710 1 1496
710 1 2209
711 1 1493
711 1 2210
712 1 1493
712 1 2211
713 1 1491
713 1 2212
714 1 1491
714 1 2213
715 1 1491
715 1 2214
716 1 1491
716 1 2215
717 1 1493
717 1 2216
718 1 1493
718 1 2217
719 1 1498
719 1 2218
720 1 1498
720 1 2219
721 1 1498
721 1 2220
