0 1
0 1
1 2
3 4
3 4
2 4
0 1
0 1
5 1 6
3 4
3 4
2 3
7 8 9 10
11 12
13
14 15 16 17
18 19 20 21
22
22
20 23 24 25
26 27
28 29
30 26
31 32 33
31 33 34
35 36
37 38
37 39
40 41
42 40 41
43
43
43
44
45
46 47 48
47 48
49 50 51 52
53 54 55
56
56
57
58
58
59 60 61 62
63 64 65
66
67 68
69 70 71 72
69 70 73 74
75 76 77
78 79 80 81
82
83 84 85 86
87 88 89 90
91 92
93 94 95 96
97 98 99
100 101 102
103
104 105
106 107 108 109
107 108 110 109
111
48
112 113
114 115 116 117
118
119 120 121
119 120 121
122 123 124 125
122 123 124 125
126 127 128
129
130 131 132 133
134 135 136 137
138
139
140 141
142
143
144 145 146 141
147 148
149
150 151 152 153
154 155 156 157
158 159
160 161 162 163
164 165 166 167
168 169 170 171
172 173
174 175 176 177
174 175 176 177
178 179 180 181
182 183 184 185
186 187 188 189
190 191 192 193
172 173
194 195 196
178 197 179 180
198 199 200 201
198 199 200 201
198 199 200 201
202 203 204 205
206 207
208 209 210 211
212
213 214 215 216
217 218 219 220
221 222 223 224
221 222 223 224
225
226 227
228
229
229
230
231 232 233
234
235
236 237 238 239
240 234
241
242 243 244 245
246
247
248
248
249
250 251
252
253 254 255
250 251
256 257 258
259 260 261 262
259 260 261 262
263 264
265 266 267
265 266 267
268 269 270 271
268 269 270 271
272 273 274
275 276 277 278
275 276 277 278
279 280 281 282
283 284 285 286

287 288 289
290 291
292 290 293 294
295 296 297 298
299
300
301 302 303 304
305 306 307 308
309 310 311 312
313 314 315 316
313 314 317 315
318 319 320 321
322 323 324
325 326 327 328
329
330 331 332 333
334
335
336
337
338
339
340
341 342 343 344
345 346 347
348 349 350 351
348 349 350 351
352 353 354 355
356 357
358
359 360
361 362 363 364
365 366 367
368 369 370 371
368 369 370 371
372 373 374 375
376
377
378 379 380
381
382
383
384
385 386 387
385 386 387
388 389
390 391 392 393
394
395
396
397
397
398
399 400 401 402
399 400 401 402
403

404 405 406
404 405 406
407 400 408
409 410 411 412
413 414 415 416
417 418 419 420
417 418 419 420
421 422 423 424
425 426 412 427
425 426 412 427
428 429 430 431
432 433 434 435
432 433 434 435
436 437 438 439
440 441 442 443
444 445 446 447
448 449 450 451
452
453
454
455 456 457 458
455 456 457 458
459
460
461
462 461
462 461
463 464 465 466
464 465 466 467
468
469 470 471 472
473 474 475
476
477
478
479 480
481 482
483 484 485 486
487 488 489 490
491
492
493
494 495
496
497 498 499
500
501
502 503 504 505
506 507
508 509 510 511
512 513 514 515
516 517 513 518
519 520 521
522
522
523 524 525
526 527 528 529
530 531
532
533 534
535
536 537 538 539
540 541 542 543
544 545 546 547
548 549 550 551
552 553 554 555
556 557 558 559
560 561 562 563
564 565
566 567 568 569
570 571 572 573
574
575
575
576 569 577
578
579 580
579 580
579 580
579 580
581 580
581 580
581 580
582
582
583
584
585 586
587 588 589 590
587 588 589 590
591 592 593
594 76 595 596
597 598 599 600
601 602 603
601 602 603
604 605
606 607 608 609
610
611
612 613 614 615
616
616
616
617 618
619
620 621
616
622
622
622
623 624 625 626
627 628 629 630
631 632 633 634
635 636 637 638
639 640 641 642
643 644 645 646
647
635 636 637 638
648
649 650 651 652
639 640 641 642

653
654 655
656
657 658 659 660
661 662
663
664
665
666
667
668



669 670
669 670
671
671
672 673 674 675
676
677
678 679 680
681
681
681
681
682
682
682 683
682 683
684
685
686
686
687
687
687
687
686
686
686
688
688
689 622
622
690 691
690 691
692
693 119 694
693 119 694
695 696 697
695 696 697
695 696 697
695 696 697
698
698
697
697
699 700 701 702
703 704 705 706
703 704 705 706
707 708 709 710
711 712
711 712
713
714 715 716 717
718 719
719
718 719
718 719
720 721
720 721
720 721 722
723 724 725 726
723 724 725 726
727
728
729 730
731 732 733
731 732 733
734
734
735
735
736
705
737
737
738
738
739
739
740 741 742 743
740 741 742 743
744
744
745 746 747 748
749 750 751 752
753 754 755
756
735
757
758 759
760
761
762 763 764 765
766
767
768 769 770 771
772 773 774 775
776 777 778
776 777 778
776 777 779
780 781
782
783 784 785 782
786 787 788
789 790 791
671
792 793 794 795
796
796
797 798 799
797 798 799
800 801 802 803
800 801 802 803
804 805 747 806
807 808 809 810
811
812 813 814 815
816 360
817 818 819 820
821 822 823 824
825 826
827 828
829
830 831 832 833
834
834
835 836 696
837 838
839
840 696
841
842 843
844 845 846
847
848 849
848 849
850 851
851
142
142
852
853
854
854
855 856 857
858 764 859 765
858 764 859 765
860 758
861
862 863 864 865
862 863 864 865
866 867 670
868 869 870
868 869 870
871
872
873 874 875 876
877 878 879
880 881
882 883 884
766
766
885 886 887 888
885 886 887 888
889 890
891
892
893
893
894 895 896
699 897 702
702
898 899 758 900
901
902 903 904 905
906
907
144 145 908 909
910 911 912 913
910 911 912 913
914
915 916
915 916
704 917 918 919
920 921 755 922
920 921 755 922
923
924 925
926
927
927

834
928
929 930
931
932
932
933 934 935 936
937
938
938
939 940 941
938
938
942 943 944 945
942 943 944 945
945 942 946 947
945 942 946 947
948
949
950 951 952
950 951 952
766
915
953
954
955
956 957 958 959
960
961 962 963 964
961 962 963 964
965
917
917
966 142
966 142
967 968
969 970 848 849
969 970 848 849
971 972 973 848
974 975 976 977
723 724 725 726

978
719
971 979 973 980
978
981
974 975 976 977
729 730
724 726 982
983
984
954
704
985 689
954 774 901 986
789
987
987
987
987
988
713
989 990 991 992
989 990 991 992
993 994 995
931
996
997 998 999 1000
998 999 1001 1002
987
987
1003 1004 1005 1006
1007 1008
1009 1010
1011 1012 1013
126 127 128
1014
1015
1016
1017 1018 1019
1020 1021 1022 1023
1024 1025 1026 1027
1028 1029 1030
1031 1032 1033 1034
1035 1036 1037
1035 1036 1037
1038 1039 1040 1041
1042 1043
1044
1045
1042 1043
1046 1047 1048
1049 1050 1051 1052
1053 1054
1053 1054
1055
1055
1056 1057 1058
1059 1060
1061

1062 1063 1064 1065
1066 1067 1068 201
1066 1067 1068 201
1069
1070 1071
1072 1073 1074 1075
1076 1077 1078 1079
1080 1081 1082 1083
1084
1084
1085 1086 1087 1088
857
1089 1090 1091 1092
1093
1094 1095 1096 1097
1098
1099 1100 1101 1102
1103 1104 1105 1106
1107 1108 1109
1110 1111 1112 1113
1114 1115
1116 1117 1118 1119
1120 1121 1122
1123 588 1124 1125
1126 1127 1128 1129
1126 1127 1128 1129
1130 1131
1132 1133 1134 1135
1136
1137
1138
1139
1139
1139
1140
1140
1141
1142
1143
1144 1145 1146 371
1147 1148 1149 1150
1151
1152
1153
1154 758 1155
1156 1157 1158 1159
1160 1161 1162 430
1163 588 1164 1165
1166 1167 1168 1169
1170 1171 1172 1173
1174
1175 1176 1177 1178
1179 76
1180 1181 1182 1183
1184 1185 1186 1187
1184 1185 1186 1187
1188 1189 1190 1191
1192 1193 1194 1195
1196 1197 1198 1199
1200 1201 1202
1200 1201 1202
834 731 1203 774
1204
1205
834 954 774 901
