0 0 722
0 0 730
0 0 1479
1 0 722
1 0 731
1 0 1479
2 0 722
2 0 732
2 0 1479
3 0 722
3 0 733
3 0 1509
4 0 722
4 0 734
4 0 1487
5 0 722
5 0 735
5 0 1479
6 0 722
6 0 736
6 0 1479
7 0 724
7 0 737
7 0 1490
8 0 722
8 0 738
8 0 1487
9 0 724
9 0 739
9 0 1490
10 0 724
10 0 740
10 0 1493
11 0 722
11 0 741
11 0 1479
12 0 722
12 0 742
12 0 1499
13 0 722
13 0 743
13 0 1491
14 0 724
14 0 744
14 0 1480
15 0 724
15 0 745
15 0 1490
16 0 724
16 0 746
16 0 1490
17 0 724
17 0 747
17 0 1490
18 0 724
18 0 748
18 0 1493
19 0 724
19 0 749
19 0 1493
20 0 722
20 0 750
20 0 1479
21 0 724
21 0 751
21 0 1480
22 0 724
22 0 752
22 0 1480
23 0 724
23 0 754
23 0 1493
24 0 724
24 0 755
24 0 1493
25 0 724
25 0 756
25 0 1480
26 0 722
26 0 757
26 0 1517
27 0 724
27 0 758
27 0 1480
28 0 724
28 0 759
28 0 1480
29 0 724
29 0 760
29 0 1480
30 0 724
30 0 761
30 0 1480
31 0 724
31 0 762
31 0 1493
32 0 724
32 0 763
32 0 1496
33 0 724
33 0 764
33 0 1480
34 0 724
34 0 765
34 0 1493
35 0 722
35 0 766
35 0 1509
36 0 722
36 0 767
36 0 1509
37 0 722
37 0 768
37 0 1509
38 0 727
38 0 769
38 0 1498
39 0 727
39 0 770
39 0 1498
40 0 727
40 0 771
40 0 1498
41 0 727
41 0 772
41 0 1498
42 0 727
42 0 773
42 0 1514
43 0 723
43 0 774
43 0 1506
44 0 727
44 0 775
44 0 1514
45 0 727
45 0 776
45 0 1486
46 0 727
46 0 777
46 0 1483
47 0 723
47 0 778
47 0 1506
48 0 727
48 0 779
48 0 1514
49 0 727
49 0 780
49 0 1514
50 0 727
50 0 781
50 0 1502
51 0 724
51 0 782
51 0 1480
52 0 724
52 0 783
52 0 1480
53 0 722
53 0 785
53 0 1509
54 0 722
54 0 786
54 0 1509
55 0 722
55 0 787
55 0 1491
56 0 722
56 0 788
56 0 1491
57 0 722
57 0 789
57 0 1491
58 0 724
58 0 790
58 0 1490
59 0 727
59 0 791
59 0 1486
60 0 727
60 0 792
60 0 1483
61 0 727
61 0 793
61 0 1483
62 0 727
62 0 794
62 0 1483
63 0 727
63 0 795
63 0 1486
64 0 727
64 0 796
64 0 1482
65 0 727
65 0 797
65 0 1483
66 0 727
66 0 798
66 0 1483
67 0 727
67 0 799
67 0 1483
68 0 727
68 0 800
68 0 1508
69 0 727
69 0 801
69 0 1508
70 0 727
70 0 802
70 0 1482
71 0 727
71 0 803
71 0 1482
72 0 727
72 0 804
72 0 1482
73 0 727
73 0 805
73 0 1482
74 0 727
74 0 806
74 0 1482
75 0 727
75 0 807
75 0 1482
76 0 724
76 0 808
76 0 1507
77 0 724
77 0 809
77 0 1497
78 0 724
78 0 810
78 0 1507
79 0 724
79 0 811
79 0 1507
80 0 724
80 0 812
80 0 1507
81 0 724
81 0 813
81 0 1496
82 0 724
82 0 814
82 0 1480
83 0 724
83 0 815
83 0 1496
84 0 729
84 0 816
84 0 1510
85 0 727
85 0 817
85 0 1513
86 0 724
86 0 818
86 0 1504
87 0 724
87 0 819
87 0 1504
88 0 724
88 0 820
88 0 1504
89 0 727
89 0 821
89 0 1514
90 0 727
90 0 822
90 0 1488
91 0 727
91 0 823
91 0 1508
92 0 729
92 0 824
92 0 1500
93 0 729
93 0 825
93 0 1500
94 0 727
94 0 826
94 0 1482
95 0 729
95 0 827
95 0 1510
96 0 724
96 0 828
96 0 1504
97 0 727
97 0 829
97 0 1508
98 0 726
98 0 830
98 0 1485
99 0 724
99 0 831
99 0 1497
100 0 727
100 0 832
100 0 1482
101 0 727
101 0 833
101 0 1486
102 0 722
102 0 834
102 0 1499
103 0 722
103 0 835
103 0 1509
104 0 722
104 0 836
104 0 1509
105 0 722
105 0 837
105 0 1509
106 0 722
106 0 838
106 0 1499
107 0 722
107 0 839
107 0 1499
108 0 722
108 0 840
108 0 1503
109 0 729
109 0 841
109 0 1510
110 0 722
110 0 842
110 0 1479
111 0 724
111 0 845
111 0 1493
112 0 724
112 0 846
112 0 1493
113 0 724
113 0 847
113 0 1493
114 0 724
114 0 848
114 0 1496
115 0 724
115 0 849
115 0 1480
116 0 724
116 0 850
116 0 1480
117 0 723
117 0 851
117 0 1506
118 0 723
118 0 852
118 0 1506
119 0 722
119 0 853
119 0 1503
120 0 722
120 0 854
120 0 1503
121 0 722
121 0 855
121 0 1503
122 0 724
122 0 857
122 0 1493
123 0 724
123 0 860
123 0 1492
124 0 722
124 0 861
124 0 1509
125 0 722
125 0 862
125 0 1491
126 0 727
126 0 863
126 0 1502
127 0 727
127 0 864
127 0 1502
128 0 727
128 0 865
128 0 1502
129 0 728
129 0 866
129 0 1495
130 0 728
130 0 867
130 0 1495
131 0 727
131 0 868
131 0 1482
132 0 727
132 0 869
132 0 1488
133 0 727
133 0 870
133 0 1498
134 0 723
134 0 871
134 0 1506
135 0 727
135 0 872
135 0 1488
136 0 727
136 0 873
136 0 1488
137 0 722
137 0 874
137 0 1481
138 0 728
138 0 875
138 0 1495
139 0 722
139 0 876
139 0 1494
140 0 722
140 0 877
140 0 1494
141 0 724
141 0 878
141 0 1493
142 0 724
142 0 879
142 0 1493
143 0 724
143 0 880
143 0 1505
144 0 724
144 0 881
144 0 1493
145 0 724
145 0 882
145 0 1493
146 0 724
146 0 883
146 0 1505
147 0 722
147 0 884
147 0 1509
148 0 722
148 0 885
148 0 1509
149 0 725
149 0 886
149 0 1484
150 0 727
150 0 887
150 0 1498
151 0 727
151 0 888
151 0 1498
152 0 724
152 0 889
152 0 1480
153 0 724
153 0 890
153 0 1480
154 0 724
154 0 891
154 0 1480
155 0 724
155 0 892
155 0 1480
156 0 724
156 0 893
156 0 1480
157 0 724
157 0 894
157 0 1480
158 0 729
158 0 895
158 0 1500
159 0 729
159 0 896
159 0 1500
160 0 729
160 0 897
160 0 1510
161 0 729
161 0 898
161 0 1510
162 0 722
162 0 899
162 0 1511
163 0 722
163 0 900
163 0 1491
164 0 724
164 0 901
164 0 1512
165 0 724
165 0 902
165 0 1490
166 0 724
166 0 903
166 0 1490
167 0 724
167 0 904
167 0 1490
168 0 724
168 0 905
168 0 1490
169 0 724
169 0 906
169 0 1490
170 0 722
170 0 909
170 0 1481
171 0 722
171 0 910
171 0 1479
172 0 723
172 0 911
172 0 1515
173 0 724
173 0 912
173 0 1493
174 0 729
174 0 913
174 0 1500
175 0 726
175 0 914
175 0 1485
176 0 726
176 0 915
176 0 1485
177 0 722
177 0 916
177 0 1481
178 0 724
178 0 917
178 0 1505
179 0 722
179 0 918
179 0 1511
180 0 722
180 0 919
180 0 1501
181 0 724
181 0 920
181 0 1497
182 0 722
182 0 921
182 0 1509
183 0 722
183 0 922
183 0 1487
184 0 724
184 0 923
184 0 1490
185 0 724
185 0 924
185 0 1490
186 0 724
186 0 925
186 0 1490
187 0 724
187 0 926
187 0 1490
188 0 724
188 0 927
188 0 1490
189 0 724
189 0 928
189 0 1490
190 0 724
190 0 929
190 0 1493
191 0 724
191 0 930
191 0 1493
192 0 724
192 0 931
192 0 1493
193 0 722
193 0 932
193 0 1499
194 0 722
194 0 933
194 0 1499
195 0 722
195 0 934
195 0 1499
196 0 722
196 0 935
196 0 1499
197 0 722
197 0 936
197 0 1499
198 0 722
198 0 937
198 0 1499
199 0 722
199 0 938
199 0 1499
200 0 724
200 0 939
200 0 1492
201 0 724
201 0 940
201 0 1492
202 0 724
202 0 941
202 0 1492
203 0 724
203 0 942
203 0 1492
204 0 724
204 0 943
204 0 1496
205 0 724
205 0 944
205 0 1496
206 0 724
206 0 945
206 0 1496
207 0 724
207 0 946
207 0 1496
208 0 724
208 0 947
208 0 1496
209 0 724
209 0 948
209 0 1496
210 0 724
210 0 949
210 0 1496
211 0 724
211 0 950
211 0 1496
212 0 724
212 0 951
212 0 1496
213 0 724
213 0 952
213 0 1496
214 0 724
214 0 953
214 0 1496
215 0 722
215 0 954
215 0 1481
216 0 722
216 0 955
216 0 1481
217 0 729
217 0 956
217 0 1510
218 0 729
218 0 957
218 0 1510
219 0 722
219 0 958
219 0 1489
220 0 722
220 0 959
220 0 1489
221 0 722
221 0 960
221 0 1489
222 0 722
222 0 961
222 0 1494
223 0 722
223 0 962
223 0 1489
224 0 724
224 0 963
224 0 1493
225 0 724
225 0 964
225 0 1493
226 0 724
226 0 965
226 0 1493
227 0 724
227 0 966
227 0 1480
228 0 724
228 0 967
228 0 1490
229 0 722
229 0 968
229 0 1509
230 0 722
230 0 969
230 0 1509
231 0 722
231 0 970
231 0 1509
232 0 722
232 0 971
232 0 1481
233 0 723
233 0 972
233 0 1506
234 0 729
234 0 973
234 0 1510
235 0 729
235 0 974
235 0 1510
236 0 722
236 0 975
236 0 1491
237 0 722
237 0 976
237 0 1491
238 0 722
238 0 977
238 0 1491
239 0 722
239 0 978
239 0 1491
240 0 722
240 0 979
240 0 1491
241 0 724
241 0 980
241 0 1504
242 0 722
242 0 981
242 0 1503
243 0 722
243 0 982
243 0 1503
244 0 724
244 0 983
244 0 1492
245 0 722
245 0 984
245 0 1499
246 0 722
246 0 985
246 0 1499
247 0 722
247 0 986
247 0 1499
248 0 722
248 0 987
248 0 1499
249 0 722
249 0 988
249 0 1499
250 0 722
250 0 989
250 0 1499
251 0 722
251 0 990
251 0 1499
252 0 722
252 0 991
252 0 1499
253 0 722
253 0 992
253 0 1503
254 0 727
254 0 995
254 0 1513
255 0 724
255 0 997
255 0 1497
256 0 724
256 0 998
256 0 1493
257 0 724
257 0 999
257 0 1493
258 0 724
258 0 1000
258 0 1493
259 0 724
259 0 1001
259 0 1493
260 0 724
260 0 1002
260 0 1493
261 0 724
261 0 1003
261 0 1493
262 0 724
262 0 1004
262 0 1493
263 0 724
263 0 1005
263 0 1493
264 0 724
264 0 1006
264 0 1493
265 0 724
265 0 1007
265 0 1493
266 0 722
266 0 1008
266 0 1481
267 0 722
267 0 1009
267 0 1481
268 0 722
268 0 1010
268 0 1481
269 0 724
269 0 1011
269 0 1492
270 0 724
270 0 1012
270 0 1492
271 0 727
271 0 1013
271 0 1483
272 0 727
272 0 1014
272 0 1483
273 0 727
273 0 1015
273 0 1486
274 0 727
274 0 1016
274 0 1502
275 0 727
275 0 1017
275 0 1488
276 0 727
276 0 1018
276 0 1488
277 0 727
277 0 1019
277 0 1488
278 0 727
278 0 1020
278 0 1488
279 0 724
279 0 1021
279 0 1492
280 0 722
280 0 1022
280 0 1494
281 0 722
281 0 1023
281 0 1494
282 0 722
282 0 1024
282 0 1494
283 0 722
283 0 1025
283 0 1503
284 0 722
284 0 1026
284 0 1503
285 0 722
285 0 1027
285 0 1503
286 0 722
286 0 1028
286 0 1494
287 0 722
287 0 1029
287 0 1494
288 0 722
288 0 1030
288 0 1509
289 0 722
289 0 1031
289 0 1494
290 0 727
290 0 1032
290 0 1508
291 0 722
291 0 1033
291 0 1511
292 0 722
292 0 1034
292 0 1511
293 0 722
293 0 1035
293 0 1511
294 0 722
294 0 1036
294 0 1494
295 0 723
295 0 1037
295 0 1515
296 0 724
296 0 1038
296 0 1492
297 0 724
297 0 1039
297 0 1493
298 0 727
298 0 1040
298 0 1482
299 0 724
299 0 1041
299 0 1490
300 0 722
300 0 1042
300 0 1494
301 0 722
301 0 1043
301 0 1494
302 0 722
302 0 1044
302 0 1487
303 0 729
303 0 1045
303 0 1500
304 0 722
304 0 1046
304 0 1509
305 0 722
305 0 1047
305 0 1509
306 0 722
306 0 1048
306 0 1509
307 0 722
307 0 1049
307 0 1509
308 0 727
308 0 1050
308 0 1486
309 0 727
309 0 1051
309 0 1486
310 0 727
310 0 1052
310 0 1486
311 0 724
311 0 1053
311 0 1497
312 0 724
312 0 1054
312 0 1490
313 0 724
313 0 1055
313 0 1490
314 0 722
314 0 1057
314 0 1494
315 0 724
315 0 1058
315 0 1504
316 0 723
316 0 1059
316 0 1515
317 0 722
317 0 1060
317 0 1481
318 0 727
318 0 1061
318 0 1513
319 0 724
319 0 1062
319 0 1516
320 0 724
320 0 1063
320 0 1516
321 0 724
321 0 1064
321 0 1516
322 0 724
322 0 1065
322 0 1490
323 0 724
323 0 1066
323 0 1516
324 0 724
324 0 1067
324 0 1516
325 0 724
325 0 1068
325 0 1516
326 0 724
326 0 1069
326 0 1516
327 0 724
327 0 1070
327 0 1516
328 0 727
328 0 1071
328 0 1514
329 0 724
329 0 1072
329 0 1492
330 0 724
330 0 1073
330 0 1492
331 0 724
331 0 1074
331 0 1492
332 0 726
332 0 1076
332 0 1485
333 0 725
333 0 1077
333 0 1484
334 0 726
334 0 1078
334 0 1485
335 0 726
335 0 1079
335 0 1485
336 0 722
336 0 1080
336 0 1494
337 0 722
337 0 1081
337 0 1494
338 0 722
338 0 1082
338 0 1509
339 0 722
339 0 1083
339 0 1509
340 0 722
340 0 1084
340 0 1509
341 0 722
341 0 1085
341 0 1509
342 0 722
342 0 1086
342 0 1509
343 0 722
343 0 1087
343 0 1509
344 0 727
344 0 1088
344 0 1483
345 0 722
345 0 1089
345 0 1491
346 0 722
346 0 1090
346 0 1491
347 0 728
347 0 1091
347 0 1495
348 0 723
348 0 1092
348 0 1506
349 0 722
349 0 1093
349 0 1494
350 0 724
350 0 1094
350 0 1505
351 0 722
351 0 1095
351 0 1517
352 0 722
352 0 1096
352 0 1517
353 0 722
353 0 1097
353 0 1517
354 0 722
354 0 1098
354 0 1517
355 0 722
355 0 1099
355 0 1517
356 0 722
356 0 1100
356 0 1517
357 0 722
357 0 1101
357 0 1517
358 0 722
358 0 1102
358 0 1517
359 0 722
359 0 1103
359 0 1517
360 0 1104
361 0 722
361 0 1105
361 0 1517
362 0 722
362 0 1106
362 0 1517
363 0 722
363 0 1107
363 0 1517
364 0 722
364 0 1108
364 0 1517
365 0 722
365 0 1109
365 0 1517
366 0 722
366 0 1110
366 0 1517
367 0 722
367 0 1111
367 0 1517
368 0 729
368 0 1112
368 0 1510
369 0 727
369 0 1113
369 0 1488
370 0 723
370 0 1115
370 0 1506
371 0 723
371 0 1116
371 0 1506
372 0 723
372 0 1117
372 0 1506
373 0 724
373 0 1118
373 0 1490
374 0 724
374 0 1119
374 0 1516
375 0 724
375 0 1120
375 0 1516
376 0 724
376 0 1121
376 0 1516
377 0 724
377 0 1122
377 0 1516
378 0 724
378 0 1123
378 0 1516
379 0 723
379 0 1124
379 0 1506
380 0 722
380 0 1125
380 0 1501
381 0 723
381 0 1126
381 0 1506
382 0 724
382 0 1127
382 0 1490
383 0 724
383 0 1128
383 0 1512
384 0 722
384 0 1129
384 0 1494
385 0 722
385 0 1130
385 0 1509
386 0 724
386 0 1131
386 0 1504
387 0 724
387 0 1132
387 0 1490
388 0 724
388 0 1133
388 0 1496
389 0 724
389 0 1134
389 0 1496
390 0 724
390 0 1135
390 0 1496
391 0 724
391 0 1136
391 0 1496
392 0 724
392 0 1137
392 0 1496
393 0 724
393 0 1138
393 0 1496
394 0 724
394 0 1139
394 0 1496
395 0 724
395 0 1140
395 0 1496
396 0 724
396 0 1141
396 0 1497
397 0 722
397 0 1142
397 0 1499
398 0 722
398 0 1143
398 0 1499
399 0 722
399 0 1144
399 0 1499
400 0 722
400 0 1145
400 0 1499
401 0 724
401 0 1147
401 0 1496
402 0 724
402 0 1148
402 0 1493
403 0 724
403 0 1149
403 0 1496
404 0 724
404 0 1151
404 0 1496
405 0 722
405 0 1152
405 0 1479
406 0 722
406 0 1154
406 0 1491
407 0 722
407 0 1155
407 0 1487
408 0 724
408 0 1156
408 0 1490
409 0 724
409 0 1157
409 0 1490
410 0 722
410 0 1158
410 0 1499
411 0 722
411 0 1159
411 0 1499
412 0 724
412 0 1160
412 0 1493
413 0 724
413 0 1161
413 0 1493
414 0 724
414 0 1162
414 0 1493
415 0 724
415 0 1163
415 0 1493
416 0 724
416 0 1164
416 0 1493
417 0 722
417 0 1165
417 0 1499
418 0 722
418 0 1166
418 0 1491
419 0 728
419 0 1167
419 0 1495
420 0 727
420 0 1168
420 0 1514
421 0 722
421 0 1169
421 0 1479
422 0 722
422 0 1170
422 0 1479
423 0 722
423 0 1172
423 0 1481
424 0 722
424 0 1173
424 0 1481
425 0 724
425 0 1174
425 0 1497
426 0 724
426 0 1175
426 0 1480
427 0 722
427 0 1176
427 0 1479
428 0 722
428 0 1178
428 0 1479
429 0 722
429 0 1180
429 0 1479
430 0 722
430 0 1181
430 0 1479
431 0 722
431 0 1182
431 0 1479
432 0 724
432 0 1183
432 0 1497
433 0 724
433 0 1184
433 0 1480
434 0 724
434 0 1185
434 0 1480
435 0 724
435 0 1186
435 0 1480
436 0 722
436 0 1187
436 0 1509
437 0 722
437 0 1188
437 0 1509
438 0 722
438 0 1189
438 0 1509
439 0 722
439 0 1190
439 0 1509
440 0 722
440 0 1191
440 0 1479
441 0 724
441 0 1192
441 0 1497
442 0 724
442 0 1193
442 0 1493
443 0 724
443 0 1194
443 0 1493
444 0 722
444 0 1195
444 0 1479
445 0 724
445 0 1196
445 0 1493
446 0 722
446 0 1197
446 0 1489
447 0 722
447 0 1198
447 0 1489
448 0 722
448 0 1199
448 0 1489
449 0 727
449 0 1200
449 0 1483
450 0 727
450 0 1201
450 0 1498
451 0 727
451 0 1202
451 0 1498
452 0 727
452 0 1203
452 0 1498
453 0 727
453 0 1204
453 0 1502
454 0 727
454 0 1205
454 0 1483
455 0 729
455 0 1206
455 0 1510
456 0 724
456 0 1207
456 0 1505
457 0 724
457 0 1208
457 0 1505
458 0 727
458 0 1209
458 0 1483
459 0 727
459 0 1210
459 0 1483
460 0 727
460 0 1211
460 0 1483
461 0 727
461 0 1212
461 0 1486
462 0 727
462 0 1213
462 0 1483
463 0 729
463 0 1214
463 0 1500
464 0 724
464 0 1215
464 0 1490
465 0 724
465 0 1216
465 0 1490
466 0 724
466 0 1217
466 0 1490
467 0 727
467 0 1218
467 0 1488
468 0 729
468 0 1219
468 0 1500
469 0 729
469 0 1220
469 0 1510
470 0 722
470 0 1221
470 0 1494
471 0 722
471 0 1222
471 0 1494
472 0 723
472 0 1223
472 0 1506
473 0 727
473 0 1224
473 0 1488
474 0 727
474 0 1225
474 0 1508
475 0 722
475 0 1226
475 0 1499
476 0 727
476 0 1227
476 0 1486
477 0 726
477 0 1228
477 0 1485
478 0 724
478 0 1229
478 0 1492
479 0 724
479 0 1230
479 0 1492
480 0 729
480 0 1231
480 0 1500
481 0 726
481 0 1232
481 0 1485
482 0 727
482 0 1233
482 0 1502
483 0 724
483 0 1234
483 0 1497
484 0 724
484 0 1235
484 0 1497
485 0 724
485 0 1236
485 0 1504
486 0 724
486 0 1237
486 0 1504
487 0 724
487 0 1238
487 0 1504
488 0 724
488 0 1239
488 0 1504
489 0 724
489 0 1240
489 0 1504
490 0 724
490 0 1241
490 0 1504
491 0 727
491 0 1242
491 0 1482
492 0 722
492 0 1244
492 0 1501
493 0 722
493 0 1245
493 0 1503
494 0 722
494 0 1246
494 0 1481
495 0 722
495 0 1247
495 0 1481
496 0 722
496 0 1248
496 0 1481
497 0 722
497 0 1249
497 0 1481
498 0 722
498 0 1250
498 0 1503
499 0 722
499 0 1251
499 0 1503
500 0 727
500 0 1252
500 0 1502
501 0 727
501 0 1253
501 0 1502
502 0 726
502 0 1254
502 0 1485
503 0 723
503 0 1255
503 0 1515
504 0 723
504 0 1256
504 0 1515
505 0 722
505 0 1257
505 0 1491
506 0 722
506 0 1258
506 0 1491
507 0 727
507 0 1259
507 0 1483
508 0 727
508 0 1260
508 0 1486
509 0 727
509 0 1261
509 0 1483
510 0 727
510 0 1262
510 0 1483
511 0 727
511 0 1263
511 0 1483
512 0 722
512 0 1264
512 0 1481
513 0 727
513 0 1265
513 0 1514
514 0 729
514 0 1266
514 0 1510
515 0 724
515 0 1267
515 0 1504
516 0 724
516 0 1268
516 0 1504
517 0 724
517 0 1269
517 0 1504
518 0 724
518 0 1270
518 0 1504
519 0 724
519 0 1271
519 0 1504
520 0 724
520 0 1272
520 0 1504
521 0 724
521 0 1273
521 0 1504
522 0 724
522 0 1274
522 0 1504
523 0 724
523 0 1275
523 0 1504
524 0 724
524 0 1276
524 0 1504
525 0 727
525 0 1277
525 0 1483
526 0 729
526 0 1278
526 0 1510
527 0 729
527 0 1279
527 0 1510
528 0 729
528 0 1280
528 0 1510
529 0 724
529 0 1281
529 0 1493
530 0 729
530 0 1282
530 0 1510
531 0 729
531 0 1283
531 0 1510
532 0 729
532 0 1284
532 0 1510
533 0 729
533 0 1285
533 0 1510
534 0 729
534 0 1286
534 0 1510
535 0 729
535 0 1287
535 0 1510
536 0 722
536 0 1288
536 0 1509
537 0 724
537 0 1289
537 0 1490
538 0 727
538 0 1290
538 0 1508
539 0 724
539 0 1291
539 0 1480
540 0 722
540 0 1292
540 0 1489
541 0 722
541 0 1293
541 0 1499
542 0 724
542 0 1294
542 0 1493
543 0 724
543 0 1295
543 0 1493
544 0 723
544 0 1296
544 0 1506
545 0 727
545 0 1297
545 0 1483
546 0 722
546 0 1298
546 0 1509
547 0 724
547 0 1299
547 0 1490
548 0 724
548 0 1300
548 0 1507
549 0 722
549 0 1301
549 0 1494
550 0 722
550 0 1303
550 0 1509
551 0 722
551 0 1304
551 0 1509
552 0 722
552 0 1305
552 0 1509
553 0 722
553 0 1306
553 0 1509
554 0 724
554 0 1307
554 0 1480
555 0 724
555 0 1308
555 0 1490
556 0 724
556 0 1309
556 0 1490
557 0 727
557 0 1310
557 0 1498
558 0 727
558 0 1311
558 0 1498
559 0 727
559 0 1312
559 0 1498
560 0 727
560 0 1313
560 0 1498
561 0 724
561 0 1314
561 0 1504
562 0 722
562 0 1315
562 0 1517
563 0 722
563 0 1316
563 0 1491
564 0 722
564 0 1317
564 0 1491
565 0 722
565 0 1318
565 0 1491
566 0 727
566 0 1319
566 0 1486
567 0 727
567 0 1320
567 0 1486
568 0 723
568 0 1321
568 0 1506
569 0 724
569 0 1322
569 0 1480
570 0 724
570 0 1324
570 0 1507
571 0 727
571 0 1325
571 0 1482
572 0 722
572 0 1326
572 0 1481
573 0 727
573 0 1327
573 0 1483
574 0 722
574 0 1328
574 0 1491
575 0 727
575 0 1329
575 0 1508
576 0 727
576 0 1330
576 0 1508
577 0 727
577 0 1331
577 0 1508
578 0 727
578 0 1332
578 0 1482
579 0 727
579 0 1333
579 0 1482
580 0 722
580 0 1334
580 0 1509
581 0 722
581 0 1335
581 0 1509
582 0 722
582 0 1336
582 0 1509
583 0 722
583 0 1337
583 0 1509
584 0 722
584 0 1338
584 0 1491
585 0 722
585 0 1339
585 0 1491
586 0 724
586 0 1340
586 0 1493
587 0 722
587 0 1341
587 0 1491
588 0 724
588 0 1342
588 0 1480
589 0 722
589 0 1344
589 0 1494
590 0 722
590 0 1345
590 0 1494
591 0 727
591 0 1346
591 0 1482
592 0 722
592 0 1347
592 0 1511
593 0 722
593 0 1348
593 0 1509
594 0 722
594 0 1349
594 0 1494
595 0 722
595 0 1350
595 0 1494
596 0 722
596 0 1351
596 0 1509
597 0 722
597 0 1352
597 0 1509
598 0 722
598 0 1353
598 0 1503
599 0 722
599 0 1354
599 0 1503
600 0 722
600 0 1355
600 0 1503
601 0 727
601 0 1356
601 0 1508
602 0 727
602 0 1357
602 0 1508
603 0 726
603 0 1359
603 0 1485
604 0 722
604 0 1360
604 0 1501
605 0 727
605 0 1361
605 0 1502
606 0 724
606 0 1362
606 0 1504
607 0 724
607 0 1363
607 0 1504
608 0 727
608 0 1364
608 0 1482
609 0 722
609 0 1365
609 0 1491
610 0 722
610 0 1366
610 0 1491
611 0 722
611 0 1367
611 0 1491
612 0 729
612 0 1368
612 0 1510
613 0 729
613 0 1369
613 0 1510
614 0 724
614 0 1370
614 0 1493
615 0 724
615 0 1371
615 0 1490
616 0 724
616 0 1372
616 0 1490
617 0 724
617 0 1373
617 0 1493
618 0 724
618 0 1374
618 0 1493
619 0 724
619 0 1375
619 0 1480
620 0 724
620 0 1376
620 0 1480
621 0 724
621 0 1377
621 0 1480
622 0 724
622 0 1378
622 0 1480
623 0 724
623 0 1379
623 0 1480
624 0 724
624 0 1380
624 0 1493
625 0 724
625 0 1381
625 0 1480
626 0 723
626 0 1382
626 0 1506
627 0 727
627 0 1383
627 0 1482
628 0 727
628 0 1384
628 0 1482
629 0 727
629 0 1385
629 0 1513
630 0 722
630 0 1386
630 0 1511
631 0 722
631 0 1387
631 0 1511
632 0 722
632 0 1388
632 0 1511
633 0 722
633 0 1389
633 0 1511
634 0 722
634 0 1390
634 0 1511
635 0 722
635 0 1391
635 0 1511
636 0 722
636 0 1392
636 0 1511
637 0 722
637 0 1393
637 0 1511
638 0 722
638 0 1394
638 0 1511
639 0 722
639 0 1395
639 0 1511
640 0 724
640 0 1396
640 0 1512
641 0 724
641 0 1397
641 0 1512
642 0 724
642 0 1398
642 0 1512
643 0 724
643 0 1399
643 0 1512
644 0 722
644 0 1400
644 0 1487
645 0 722
645 0 1401
645 0 1491
646 0 724
646 0 1402
646 0 1492
647 0 724
647 0 1403
647 0 1512
648 0 724
648 0 1404
648 0 1512
649 0 724
649 0 1405
649 0 1512
650 0 724
650 0 1406
650 0 1512
651 0 724
651 0 1407
651 0 1512
652 0 724
652 0 1408
652 0 1512
653 0 724
653 0 1409
653 0 1512
654 0 724
654 0 1410
654 0 1512
655 0 724
655 0 1411
655 0 1512
656 0 727
656 0 1412
656 0 1502
657 0 727
657 0 1413
657 0 1514
658 0 727
658 0 1414
658 0 1514
659 0 727
659 0 1415
659 0 1514
660 0 727
660 0 1416
660 0 1514
661 0 727
661 0 1417
661 0 1514
662 0 727
662 0 1418
662 0 1514
663 0 727
663 0 1419
663 0 1488
664 0 727
664 0 1420
664 0 1488
665 0 727
665 0 1421
665 0 1488
666 0 727
666 0 1422
666 0 1488
667 0 727
667 0 1423
667 0 1488
668 0 727
668 0 1424
668 0 1508
669 0 723
669 0 1425
669 0 1515
670 0 723
670 0 1426
670 0 1515
671 0 723
671 0 1427
671 0 1515
672 0 723
672 0 1428
672 0 1515
673 0 723
673 0 1429
673 0 1515
674 0 727
674 0 1430
674 0 1483
675 0 724
675 0 1431
675 0 1480
676 0 722
676 0 1432
676 0 1509
677 0 724
677 0 1433
677 0 1490
678 0 724
678 0 1434
678 0 1490
679 0 727
679 0 1435
679 0 1482
680 0 727
680 0 1436
680 0 1483
681 0 724
681 0 1437
681 0 1490
682 0 724
682 0 1438
682 0 1490
683 0 724
683 0 1439
683 0 1490
684 0 727
684 0 1440
684 0 1483
685 0 729
685 0 1441
685 0 1510
686 0 723
686 0 1442
686 0 1515
687 0 724
687 0 1443
687 0 1504
688 0 724
688 0 1444
688 0 1504
689 0 722
689 0 1445
689 0 1509
690 0 722
690 0 1446
690 0 1509
691 0 729
691 0 1447
691 0 1510
692 0 722
692 0 1448
692 0 1517
693 0 722
693 0 1449
693 0 1503
694 0 727
694 0 1450
694 0 1483
695 0 723
695 0 1451
695 0 1506
696 0 723
696 0 1452
696 0 1506
697 0 727
697 0 1453
697 0 1498
698 0 727
698 0 1455
698 0 1482
699 0 727
699 0 1456
699 0 1482
700 0 727
700 0 1457
700 0 1482
701 0 727
701 0 1458
701 0 1482
702 0 727
702 0 1459
702 0 1482
703 0 727
703 0 1460
703 0 1482
704 0 727
704 0 1461
704 0 1482
705 0 727
705 0 1462
705 0 1482
706 0 727
706 0 1463
706 0 1482
707 0 727
707 0 1464
707 0 1482
708 0 727
708 0 1465
708 0 1482
709 0 727
709 0 1466
709 0 1482
710 0 727
710 0 1467
710 0 1482
711 0 724
711 0 1468
711 0 1497
712 0 724
712 0 1469
712 0 1490
713 0 722
713 0 1470
713 0 1509
714 0 722
714 0 1471
714 0 1509
715 0 722
715 0 1472
715 0 1509
716 0 722
716 0 1473
716 0 1509
717 0 724
717 0 1474
717 0 1493
718 0 724
718 0 1475
718 0 1504
719 0 729
719 0 1476
719 0 1510
720 0 729
720 0 1477
720 0 1510
721 0 729
721 0 1478
721 0 1510
741 2 730
730 2 731
735 2 731
731 2 732
1084 2 733
858 2 734
919 2 734
1400 2 734
741 2 735
1056 2 735
1191 2 736
1068 2 737
742 2 738
1400 2 738
1371 2 739
748 2 740
1373 2 740
750 2 741
961 2 742
1341 2 743
1302 2 744
1381 2 744
746 2 745
761 2 745
1291 2 745
906 2 746
907 2 746
745 2 747
749 2 748
1340 2 748
1192 2 749
1295 2 749
1195 2 750
1378 2 751
1379 2 751
740 2 754
882 2 754
754 2 755
1377 2 756
1082 2 757
744 2 759
758 2 759
889 2 759
1175 2 759
1182 2 759
1431 2 759
759 2 760
759 2 761
966 2 761
1370 2 762
1403 2 763
1007 2 765
1470 2 766
1470 2 767
1084 2 768
1321 2 769
870 2 770
1201 2 770
1321 2 771
870 2 772
1201 2 772
1451 2 774
1413 2 775
1052 2 776
1436 2 777
777 2 778
1296 2 778
1418 2 779
779 2 780
1253 2 781
1041 2 783
1084 2 785
1317 2 787
787 2 788
976 2 789
1308 2 790
795 2 791
1192 2 792
797 2 793
1263 2 793
793 2 794
1320 2 795
780 2 796
792 2 797
802 2 797
797 2 798
1071 2 799
1277 2 799
1424 2 800
800 2 801
792 2 802
796 2 803
780 2 804
780 2 805
780 2 806
810 2 808
1192 2 809
896 2 810
1323 2 810
1124 2 811
810 2 812
815 2 813
1140 2 813
759 2 814
1376 2 814
945 2 815
1136 2 815
1112 2 816
1329 2 817
820 2 818
1273 2 818
1314 2 818
818 2 819
1233 2 821
1113 2 822
1202 2 822
1203 2 822
1330 2 823
1231 2 824
824 2 825
796 2 826
816 2 827
1272 2 828
1475 2 828
1357 2 829
1228 2 830
1359 2 830
1192 2 831
1260 2 833
742 2 834
1226 2 834
1166 2 835
835 2 836
1334 2 837
1473 2 837
1165 2 838
838 2 839
1358 2 841
730 2 842
1340 2 845
845 2 846
882 2 847
1149 2 848
850 2 849
890 2 849
1184 2 849
1184 2 850
852 2 851
1116 2 851
1382 2 851
778 2 852
856 2 853
1353 2 853
1355 2 853
1355 2 854
853 2 855
1354 2 855
765 2 857
940 2 860
942 2 860
1046 2 861
1190 2 861
1366 2 862
1252 2 863
1252 2 864
1252 2 865
866 2 867
875 2 867
1383 2 868
780 2 869
769 2 870
771 2 870
887 2 870
1310 2 870
1312 2 870
1296 2 871
780 2 872
822 2 872
1202 2 872
869 2 873
872 2 873
1008 2 874
1167 2 875
1222 2 876
1344 2 876
1344 2 877
740 2 878
881 2 878
878 2 879
879 2 880
996 2 880
924 2 881
1295 2 881
1340 2 882
879 2 883
1085 2 884
884 2 885
1321 2 887
870 2 888
1201 2 888
764 2 889
892 2 889
893 2 889
1114 2 889
890 2 891
1185 2 892
1307 2 893
740 2 895
976 2 895
895 2 896
1278 2 897
1112 2 898
1266 2 898
992 2 899
1353 2 899
977 2 900
1403 2 901
1055 2 902
1439 2 903
879 2 904
759 2 905
1299 2 905
905 2 906
1008 2 909
1181 2 910
873 2 911
964 2 912
1045 2 913
1079 2 914
914 2 915
1084 2 916
880 2 917
883 2 917
1033 2 918
1081 2 918
1243 2 919
1244 2 919
1152 2 920
1155 2 922
926 2 923
950 2 924
924 2 925
928 2 925
951 2 925
925 2 926
924 2 927
927 2 928
930 2 929
1160 2 929
1161 2 930
930 2 931
1001 2 931
933 2 932
1159 2 933
1165 2 933
1293 2 933
933 2 934
934 2 935
935 2 936
932 2 937
937 2 938
1229 2 939
941 2 940
948 2 941
941 2 942
1134 2 943
943 2 944
943 2 945
944 2 946
945 2 946
945 2 947
947 2 948
948 2 949
948 2 950
1136 2 950
950 2 951
947 2 952
950 2 953
952 2 953
1008 2 954
954 2 955
1009 2 955
1280 2 956
974 2 957
1368 2 957
1292 2 958
958 2 959
958 2 960
876 2 961
877 2 961
958 2 962
1192 2 963
1295 2 963
1454 2 963
963 2 964
912 2 965
759 2 966
790 2 967
1308 2 967
1335 2 968
740 2 969
1166 2 969
1304 2 969
969 2 970
1009 2 971
778 2 972
1116 2 972
1192 2 973
1447 2 974
977 2 975
1152 2 976
789 2 977
977 2 978
978 2 979
1340 2 980
1085 2 981
981 2 982
1038 2 983
1159 2 984
1165 2 984
984 2 985
985 2 986
1159 2 987
1165 2 987
987 2 988
988 2 989
988 2 990
986 2 991
1353 2 992
817 2 995
1192 2 997
1000 2 999
749 2 1000
1374 2 1000
930 2 1001
929 2 1002
1002 2 1003
1295 2 1004
882 2 1005
1005 2 1006
1160 2 1007
1084 2 1008
874 2 1009
1008 2 1009
1009 2 1010
1038 2 1011
1073 2 1011
1038 2 1012
1223 2 1013
832 2 1015
1253 2 1016
873 2 1017
873 2 1018
1017 2 1018
1018 2 1019
867 2 1020
873 2 1020
1091 2 1020
994 2 1021
1229 2 1021
1024 2 1022
1022 2 1023
961 2 1024
1198 2 1025
1025 2 1026
1026 2 1027
1449 2 1027
1082 2 1028
1028 2 1029
1043 2 1030
1028 2 1031
801 2 1032
1024 2 1033
1023 2 1034
1033 2 1034
1034 2 1035
1057 2 1036
1429 2 1037
950 2 1038
1021 2 1038
1229 2 1038
1325 2 1040
782 2 1041
1215 2 1041
1371 2 1041
1433 2 1041
1028 2 1042
1028 2 1043
961 2 1044
1231 2 1045
1093 2 1046
1082 2 1047
1288 2 1047
1087 2 1048
1352 2 1049
832 2 1050
833 2 1050
1260 2 1050
1050 2 1051
1051 2 1052
997 2 1053
1192 2 1053
1468 2 1053
745 2 1054
1054 2 1055
1029 2 1057
1042 2 1057
1043 2 1057
916 2 1058
1429 2 1059
955 2 1060
1264 2 1060
817 2 1061
1064 2 1062
1065 2 1062
1062 2 1063
1121 2 1064
1064 2 1065
1119 2 1066
1069 2 1067
1070 2 1068
1127 2 1069
1437 2 1069
1069 2 1070
1418 2 1071
1073 2 1072
1021 2 1073
1229 2 1073
784 2 1074
1229 2 1074
1228 2 1076
1359 2 1076
1037 2 1078
1059 2 1078
1245 2 1078
1425 2 1078
1078 2 1079
1345 2 1080
961 2 1081
836 2 1082
970 2 1082
1188 2 1082
1082 2 1083
1083 2 1084
1084 2 1085
785 2 1086
1084 2 1087
1190 2 1087
1223 2 1088
978 2 1089
1089 2 1090
875 2 1091
1321 2 1092
1190 2 1093
880 2 1094
883 2 1094
1100 2 1095
1390 2 1095
1095 2 1096
1095 2 1097
1103 2 1098
1100 2 1099
1030 2 1100
1043 2 1100
1100 2 1101
1107 2 1102
1096 2 1103
1096 2 1104
1097 2 1106
1110 2 1107
1101 2 1108
1097 2 1109
1101 2 1110
1108 2 1111
973 2 1112
1116 2 1115
1296 2 1116
1075 2 1117
1296 2 1117
1127 2 1118
1120 2 1119
1308 2 1120
1308 2 1121
1121 2 1122
1121 2 1123
810 2 1124
919 2 1125
871 2 1126
1117 2 1126
1437 2 1127
1403 2 1128
1029 2 1129
1334 2 1130
828 2 1131
1119 2 1132
759 2 1133
1133 2 1134
848 2 1135
1134 2 1135
1135 2 1136
1146 2 1136
1136 2 1137
1150 2 1137
1137 2 1138
813 2 1139
1151 2 1139
815 2 1140
920 2 1141
1165 2 1142
1142 2 1143
1165 2 1144
1143 2 1145
1137 2 1147
1138 2 1147
999 2 1148
1000 2 1148
1134 2 1149
813 2 1151
741 2 1152
951 2 1152
1316 2 1154
738 2 1155
1159 2 1155
1055 2 1156
1054 2 1157
1138 2 1157
742 2 1158
1158 2 1159
1161 2 1160
1340 2 1161
1160 2 1163
882 2 1164
1160 2 1164
1158 2 1165
1341 2 1166
1265 2 1168
741 2 1169
910 2 1169
1181 2 1169
741 2 1170
1153 2 1170
1084 2 1172
1172 2 1173
1183 2 1174
1177 2 1176
1179 2 1178
1371 2 1180
1180 2 1181
1178 2 1182
1152 2 1183
1322 2 1184
891 2 1185
759 2 1186
1375 2 1186
969 2 1187
1432 2 1187
969 2 1188
1047 2 1190
741 2 1191
753 2 1191
920 2 1192
1174 2 1192
1183 2 1192
1235 2 1192
846 2 1193
847 2 1194
1171 2 1195
1181 2 1195
1193 2 1196
1292 2 1197
1197 2 1198
1449 2 1199
1223 2 1200
769 2 1201
771 2 1201
887 2 1201
1310 2 1201
1312 2 1201
770 2 1202
772 2 1202
888 2 1202
1311 2 1202
1313 2 1202
1202 2 1203
864 2 1204
1213 2 1205
898 2 1206
880 2 1207
883 2 1207
1207 2 1208
1192 2 1209
1435 2 1209
1209 2 1210
1211 2 1210
1192 2 1211
1440 2 1211
1320 2 1212
1209 2 1213
896 2 1214
747 2 1215
1289 2 1215
1215 2 1216
1215 2 1217
873 2 1218
896 2 1219
1300 2 1219
1282 2 1220
1080 2 1221
1080 2 1222
1296 2 1223
1019 2 1224
829 2 1225
832 2 1227
915 2 1228
860 2 1229
1230 2 1229
940 2 1230
942 2 1230
896 2 1231
1228 2 1232
1359 2 1232
1253 2 1233
1152 2 1234
1234 2 1235
916 2 1236
1241 2 1237
1058 2 1238
1236 2 1238
1239 2 1240
1475 2 1241
804 2 1242
743 2 1244
855 2 1245
1008 2 1246
1246 2 1247
1247 2 1248
1248 2 1249
899 2 1250
899 2 1251
1250 2 1251
1253 2 1252
780 2 1253
1228 2 1254
1359 2 1254
911 2 1255
1256 2 1255
873 2 1256
1341 2 1257
743 2 1258
1213 2 1259
832 2 1260
1205 2 1261
1430 2 1261
1205 2 1262
1259 2 1262
1263 2 1262
954 2 1264
1009 2 1264
1416 2 1265
1112 2 1266
1444 2 1267
1267 2 1268
1268 2 1269
1269 2 1270
1240 2 1271
1475 2 1272
980 2 1273
1275 2 1274
1276 2 1275
1071 2 1277
1287 2 1278
1369 2 1278
1278 2 1279
1112 2 1280
1279 2 1280
1192 2 1281
1278 2 1282
1286 2 1283
1283 2 1284
1287 2 1285
841 2 1286
1135 2 1286
1286 2 1287
1082 2 1288
747 2 1289
844 2 1289
873 2 1290
761 2 1291
742 2 1292
1159 2 1293
1295 2 1294
1192 2 1295
1474 2 1295
793 2 1296
798 2 1296
768 2 1298
843 2 1299
896 2 1300
1036 2 1301
1305 2 1304
1306 2 1305
1303 2 1306
849 2 1307
1185 2 1307
1309 2 1308
1215 2 1309
1321 2 1310
870 2 1311
1201 2 1311
1321 2 1312
870 2 1313
1201 2 1313
1273 2 1314
757 2 1315
1318 2 1316
1316 2 1317
975 2 1318
978 2 1318
832 2 1319
1319 2 1320
871 2 1321
1117 2 1321
894 2 1322
812 2 1324
803 2 1325
832 2 1325
955 2 1326
1010 2 1326
1264 2 1326
1316 2 1328
873 2 1329
1424 2 1329
1329 2 1330
1356 2 1331
1463 2 1332
1346 2 1333
836 2 1334
837 2 1335
1335 2 1336
1335 2 1337
1367 2 1338
975 2 1339
749 2 1340
964 2 1340
965 2 1340
1038 2 1340
1374 2 1340
1258 2 1341
1338 2 1341
1367 2 1341
1343 2 1342
1080 2 1344
1349 2 1344
1057 2 1345
796 2 1346
803 2 1346
804 2 1346
805 2 1346
806 2 1346
826 2 1346
1332 2 1346
1033 2 1347
1085 2 1348
1350 2 1349
1057 2 1350
1084 2 1351
1087 2 1352
987 2 1353
1353 2 1354
987 2 1355
1330 2 1356
1356 2 1357
915 2 1359
1244 2 1360
863 2 1361
1363 2 1362
1267 2 1363
1308 2 1363
1399 2 1363
799 2 1364
1367 2 1365
977 2 1366
862 2 1367
1366 2 1367
1447 2 1368
1287 2 1369
740 2 1370
1372 2 1371
745 2 1372
1378 2 1372
1340 2 1373
1374 2 1373
908 2 1374
1192 2 1374
1295 2 1374
758 2 1375
1375 2 1376
1376 2 1377
752 2 1378
756 2 1378
1377 2 1378
1378 2 1379
1370 2 1380
764 2 1381
778 2 1382
803 2 1383
797 2 1384
1061 2 1385
1390 2 1386
1394 2 1387
1387 2 1388
1390 2 1389
1394 2 1389
1391 2 1390
1033 2 1391
1386 2 1392
1386 2 1393
1392 2 1393
1033 2 1394
1389 2 1395
1397 2 1396
1396 2 1398
1398 2 1399
1044 2 1400
1339 2 1401
1229 2 1402
1376 2 1403
1396 2 1403
950 2 1404
1408 2 1404
1411 2 1404
1404 2 1405
1404 2 1406
814 2 1407
1398 2 1407
1377 2 1408
1398 2 1408
1407 2 1409
1408 2 1410
1410 2 1411
863 2 1412
1414 2 1413
1418 2 1413
1418 2 1414
821 2 1415
1413 2 1416
1071 2 1417
774 2 1418
873 2 1419
873 2 1420
873 2 1421
873 2 1422
873 2 1423
873 2 1424
1218 2 1424
1290 2 1424
1429 2 1425
1244 2 1426
1255 2 1426
1426 2 1427
1442 2 1427
1427 2 1428
1428 2 1429
1205 2 1430
1175 2 1431
969 2 1432
1215 2 1433
1217 2 1433
1121 2 1434
1438 2 1434
1296 2 1436
1215 2 1437
1121 2 1438
1157 2 1439
859 2 1440
1327 2 1440
1112 2 1441
1255 2 1442
1362 2 1443
857 2 1444
1160 2 1444
1472 2 1445
1472 2 1446
1112 2 1447
1441 2 1447
1096 2 1448
853 2 1449
1025 2 1449
1200 2 1450
851 2 1451
972 2 1451
851 2 1452
972 2 1452
1223 2 1453
805 2 1455
797 2 1456
1456 2 1457
1466 2 1457
1456 2 1458
1466 2 1458
1456 2 1459
1466 2 1459
1456 2 1460
1466 2 1460
803 2 1461
797 2 1462
1455 2 1462
1462 2 1463
1463 2 1464
1242 2 1465
1462 2 1465
797 2 1466
1439 2 1467
1174 2 1468
969 2 1470
1470 2 1471
1471 2 1472
1471 2 1473
993 2 1474
1039 2 1474
1192 2 1474
974 2 1476
1368 2 1476
1476 2 1477
1477 2 1478
0 1 722
0 1 730
1 1 722
1 1 731
2 1 722
2 1 732
3 1 722
3 1 733
4 1 722
4 1 734
5 1 722
5 1 735
6 1 722
6 1 736
7 1 724
7 1 737
8 1 722
8 1 738
9 1 724
9 1 739
10 1 724
10 1 740
11 1 722
11 1 741
12 1 722
12 1 742
13 1 722
13 1 743
14 1 724
14 1 744
15 1 724
15 1 745
16 1 724
16 1 746
17 1 724
17 1 747
18 1 724
18 1 748
19 1 724
19 1 749
20 1 722
20 1 750
21 1 724
21 1 751
22 1 724
22 1 752
23 1 724
23 1 754
24 1 724
24 1 755
25 1 724
25 1 756
26 1 722
26 1 757
27 1 724
27 1 758
28 1 724
28 1 759
29 1 724
29 1 760
30 1 724
30 1 761
31 1 724
31 1 762
32 1 724
32 1 763
33 1 724
33 1 764
34 1 724
34 1 765
35 1 722
35 1 766
36 1 722
36 1 767
37 1 722
37 1 768
38 1 727
38 1 769
39 1 727
39 1 770
40 1 727
40 1 771
41 1 727
41 1 772
42 1 727
42 1 773
43 1 723
43 1 774
44 1 727
44 1 775
45 1 727
45 1 776
46 1 727
46 1 777
47 1 723
47 1 778
48 1 727
48 1 779
49 1 727
49 1 780
50 1 727
50 1 781
51 1 724
51 1 782
52 1 724
52 1 783
53 1 722
53 1 785
54 1 722
54 1 786
55 1 722
55 1 787
56 1 722
56 1 788
57 1 722
57 1 789
58 1 724
58 1 790
59 1 727
59 1 791
60 1 727
60 1 792
61 1 727
61 1 793
62 1 727
62 1 794
63 1 727
63 1 795
64 1 727
64 1 796
65 1 727
65 1 797
66 1 727
66 1 798
67 1 727
67 1 799
68 1 727
68 1 800
69 1 727
69 1 801
70 1 727
70 1 802
71 1 727
71 1 803
72 1 727
72 1 804
73 1 727
73 1 805
74 1 727
74 1 806
75 1 727
75 1 807
76 1 724
76 1 808
77 1 724
77 1 809
78 1 724
78 1 810
79 1 724
79 1 811
80 1 724
80 1 812
81 1 724
81 1 813
82 1 724
82 1 814
83 1 724
83 1 815
84 1 729
84 1 816
85 1 727
85 1 817
86 1 724
86 1 818
87 1 724
87 1 819
88 1 724
88 1 820
89 1 727
89 1 821
90 1 727
90 1 822
91 1 727
91 1 823
92 1 729
92 1 824
93 1 729
93 1 825
94 1 727
94 1 826
95 1 729
95 1 827
96 1 724
96 1 828
97 1 727
97 1 829
98 1 726
98 1 830
99 1 724
99 1 831
100 1 727
100 1 832
101 1 727
101 1 833
102 1 722
102 1 834
103 1 722
103 1 835
104 1 722
104 1 836
105 1 722
105 1 837
106 1 722
106 1 838
107 1 722
107 1 839
108 1 722
108 1 840
109 1 729
109 1 841
110 1 722
110 1 842
111 1 724
111 1 845
112 1 724
112 1 846
113 1 724
113 1 847
114 1 724
114 1 848
115 1 724
115 1 849
116 1 724
116 1 850
117 1 723
117 1 851
118 1 723
118 1 852
119 1 722
119 1 853
120 1 722
120 1 854
121 1 722
121 1 855
122 1 724
122 1 857
123 1 724
123 1 860
124 1 722
124 1 861
125 1 722
125 1 862
126 1 727
126 1 863
127 1 727
127 1 864
128 1 727
128 1 865
129 1 728
129 1 866
130 1 728
130 1 867
131 1 727
131 1 868
132 1 727
132 1 869
133 1 727
133 1 870
134 1 723
134 1 871
135 1 727
135 1 872
136 1 727
136 1 873
137 1 722
137 1 874
138 1 728
138 1 875
139 1 722
139 1 876
140 1 722
140 1 877
141 1 724
141 1 878
142 1 724
142 1 879
143 1 724
143 1 880
144 1 724
144 1 881
145 1 724
145 1 882
146 1 724
146 1 883
147 1 722
147 1 884
148 1 722
148 1 885
149 1 725
149 1 886
150 1 727
150 1 887
151 1 727
151 1 888
152 1 724
152 1 889
153 1 724
153 1 890
154 1 724
154 1 891
155 1 724
155 1 892
156 1 724
156 1 893
157 1 724
157 1 894
158 1 729
158 1 895
159 1 729
159 1 896
160 1 729
160 1 897
161 1 729
161 1 898
162 1 722
162 1 899
163 1 722
163 1 900
164 1 724
164 1 901
165 1 724
165 1 902
166 1 724
166 1 903
167 1 724
167 1 904
168 1 724
168 1 905
169 1 724
169 1 906
170 1 722
170 1 909
171 1 722
171 1 910
172 1 723
172 1 911
173 1 724
173 1 912
174 1 729
174 1 913
175 1 726
175 1 914
176 1 726
176 1 915
177 1 722
177 1 916
178 1 724
178 1 917
179 1 722
179 1 918
180 1 722
180 1 919
181 1 724
181 1 920
182 1 722
182 1 921
183 1 722
183 1 922
184 1 724
184 1 923
185 1 724
185 1 924
186 1 724
186 1 925
187 1 724
187 1 926
188 1 724
188 1 927
189 1 724
189 1 928
190 1 724
190 1 929
191 1 724
191 1 930
192 1 724
192 1 931
193 1 722
193 1 932
194 1 722
194 1 933
195 1 722
195 1 934
196 1 722
196 1 935
197 1 722
197 1 936
198 1 722
198 1 937
199 1 722
199 1 938
200 1 724
200 1 939
201 1 724
201 1 940
202 1 724
202 1 941
203 1 724
203 1 942
204 1 724
204 1 943
205 1 724
205 1 944
206 1 724
206 1 945
207 1 724
207 1 946
208 1 724
208 1 947
209 1 724
209 1 948
210 1 724
210 1 949
211 1 724
211 1 950
212 1 724
212 1 951
213 1 724
213 1 952
214 1 724
214 1 953
215 1 722
215 1 954
216 1 722
216 1 955
217 1 729
217 1 956
218 1 729
218 1 957
219 1 722
219 1 958
220 1 722
220 1 959
221 1 722
221 1 960
222 1 722
222 1 961
223 1 722
223 1 962
224 1 724
224 1 963
225 1 724
225 1 964
226 1 724
226 1 965
227 1 724
227 1 966
228 1 724
228 1 967
229 1 722
229 1 968
230 1 722
230 1 969
231 1 722
231 1 970
232 1 722
232 1 971
233 1 723
233 1 972
234 1 729
234 1 973
235 1 729
235 1 974
236 1 722
236 1 975
237 1 722
237 1 976
238 1 722
238 1 977
239 1 722
239 1 978
240 1 722
240 1 979
241 1 724
241 1 980
242 1 722
242 1 981
243 1 722
243 1 982
244 1 724
244 1 983
245 1 722
245 1 984
246 1 722
246 1 985
247 1 722
247 1 986
248 1 722
248 1 987
249 1 722
249 1 988
250 1 722
250 1 989
251 1 722
251 1 990
252 1 722
252 1 991
253 1 722
253 1 992
254 1 727
254 1 995
255 1 724
255 1 997
256 1 724
256 1 998
257 1 724
257 1 999
258 1 724
258 1 1000
259 1 724
259 1 1001
260 1 724
260 1 1002
261 1 724
261 1 1003
262 1 724
262 1 1004
263 1 724
263 1 1005
264 1 724
264 1 1006
265 1 724
265 1 1007
266 1 722
266 1 1008
267 1 722
267 1 1009
268 1 722
268 1 1010
269 1 724
269 1 1011
270 1 724
270 1 1012
271 1 727
271 1 1013
272 1 727
272 1 1014
273 1 727
273 1 1015
274 1 727
274 1 1016
275 1 727
275 1 1017
276 1 727
276 1 1018
277 1 727
277 1 1019
278 1 727
278 1 1020
279 1 724
279 1 1021
280 1 722
280 1 1022
281 1 722
281 1 1023
282 1 722
282 1 1024
283 1 722
283 1 1025
284 1 722
284 1 1026
285 1 722
285 1 1027
286 1 722
286 1 1028
287 1 722
287 1 1029
288 1 722
288 1 1030
289 1 722
289 1 1031
290 1 727
290 1 1032
291 1 722
291 1 1033
292 1 722
292 1 1034
293 1 722
293 1 1035
294 1 722
294 1 1036
295 1 723
295 1 1037
296 1 724
296 1 1038
297 1 724
297 1 1039
298 1 727
298 1 1040
299 1 724
299 1 1041
300 1 722
300 1 1042
301 1 722
301 1 1043
302 1 722
302 1 1044
303 1 729
303 1 1045
304 1 722
304 1 1046
305 1 722
305 1 1047
306 1 722
306 1 1048
307 1 722
307 1 1049
308 1 727
308 1 1050
309 1 727
309 1 1051
310 1 727
310 1 1052
311 1 724
311 1 1053
312 1 724
312 1 1054
313 1 724
313 1 1055
314 1 722
314 1 1057
315 1 724
315 1 1058
316 1 723
316 1 1059
317 1 722
317 1 1060
318 1 727
318 1 1061
319 1 724
319 1 1062
320 1 724
320 1 1063
321 1 724
321 1 1064
322 1 724
322 1 1065
323 1 724
323 1 1066
324 1 724
324 1 1067
325 1 724
325 1 1068
326 1 724
326 1 1069
327 1 724
327 1 1070
328 1 727
328 1 1071
329 1 724
329 1 1072
330 1 724
330 1 1073
331 1 724
331 1 1074
332 1 726
332 1 1076
333 1 725
333 1 1077
334 1 726
334 1 1078
335 1 726
335 1 1079
336 1 722
336 1 1080
337 1 722
337 1 1081
338 1 722
338 1 1082
339 1 722
339 1 1083
340 1 722
340 1 1084
341 1 722
341 1 1085
342 1 722
342 1 1086
343 1 722
343 1 1087
344 1 727
344 1 1088
345 1 722
345 1 1089
346 1 722
346 1 1090
347 1 728
347 1 1091
348 1 723
348 1 1092
349 1 722
349 1 1093
350 1 724
350 1 1094
351 1 722
351 1 1095
352 1 722
352 1 1096
353 1 722
353 1 1097
354 1 722
354 1 1098
355 1 722
355 1 1099
356 1 722
356 1 1100
357 1 722
357 1 1101
358 1 722
358 1 1102
359 1 722
359 1 1103
360 1 1104
361 1 722
361 1 1105
362 1 722
362 1 1106
363 1 722
363 1 1107
364 1 722
364 1 1108
365 1 722
365 1 1109
366 1 722
366 1 1110
367 1 722
367 1 1111
368 1 729
368 1 1112
369 1 727
369 1 1113
370 1 723
370 1 1115
371 1 723
371 1 1116
372 1 723
372 1 1117
373 1 724
373 1 1118
374 1 724
374 1 1119
375 1 724
375 1 1120
376 1 724
376 1 1121
377 1 724
377 1 1122
378 1 724
378 1 1123
379 1 723
379 1 1124
380 1 722
380 1 1125
381 1 723
381 1 1126
382 1 724
382 1 1127
383 1 724
383 1 1128
384 1 722
384 1 1129
385 1 722
385 1 1130
386 1 724
386 1 1131
387 1 724
387 1 1132
388 1 724
388 1 1133
389 1 724
389 1 1134
390 1 724
390 1 1135
391 1 724
391 1 1136
392 1 724
392 1 1137
393 1 724
393 1 1138
394 1 724
394 1 1139
395 1 724
395 1 1140
396 1 724
396 1 1141
397 1 722
397 1 1142
398 1 722
398 1 1143
399 1 722
399 1 1144
400 1 722
400 1 1145
401 1 724
401 1 1147
402 1 724
402 1 1148
403 1 724
403 1 1149
404 1 724
404 1 1151
405 1 722
405 1 1152
406 1 722
406 1 1154
407 1 722
407 1 1155
408 1 724
408 1 1156
409 1 724
409 1 1157
410 1 722
410 1 1158
411 1 722
411 1 1159
412 1 724
412 1 1160
413 1 724
413 1 1161
414 1 724
414 1 1162
415 1 724
415 1 1163
416 1 724
416 1 1164
417 1 722
417 1 1165
418 1 722
418 1 1166
419 1 728
419 1 1167
420 1 727
420 1 1168
421 1 722
421 1 1169
422 1 722
422 1 1170
423 1 722
423 1 1172
424 1 722
424 1 1173
425 1 724
425 1 1174
426 1 724
426 1 1175
427 1 722
427 1 1176
428 1 722
428 1 1178
429 1 722
429 1 1180
430 1 722
430 1 1181
431 1 722
431 1 1182
432 1 724
432 1 1183
433 1 724
433 1 1184
434 1 724
434 1 1185
435 1 724
435 1 1186
436 1 722
436 1 1187
437 1 722
437 1 1188
438 1 722
438 1 1189
439 1 722
439 1 1190
440 1 722
440 1 1191
441 1 724
441 1 1192
442 1 724
442 1 1193
443 1 724
443 1 1194
444 1 722
444 1 1195
445 1 724
445 1 1196
446 1 722
446 1 1197
447 1 722
447 1 1198
448 1 722
448 1 1199
449 1 727
449 1 1200
450 1 727
450 1 1201
451 1 727
451 1 1202
452 1 727
452 1 1203
453 1 727
453 1 1204
454 1 727
454 1 1205
455 1 729
455 1 1206
456 1 724
456 1 1207
457 1 724
457 1 1208
458 1 727
458 1 1209
459 1 727
459 1 1210
460 1 727
460 1 1211
461 1 727
461 1 1212
462 1 727
462 1 1213
463 1 729
463 1 1214
464 1 724
464 1 1215
465 1 724
465 1 1216
466 1 724
466 1 1217
467 1 727
467 1 1218
468 1 729
468 1 1219
469 1 729
469 1 1220
470 1 722
470 1 1221
471 1 722
471 1 1222
472 1 723
472 1 1223
473 1 727
473 1 1224
474 1 727
474 1 1225
475 1 722
475 1 1226
476 1 727
476 1 1227
477 1 726
477 1 1228
478 1 724
478 1 1229
479 1 724
479 1 1230
480 1 729
480 1 1231
481 1 726
481 1 1232
482 1 727
482 1 1233
483 1 724
483 1 1234
484 1 724
484 1 1235
485 1 724
485 1 1236
486 1 724
486 1 1237
487 1 724
487 1 1238
488 1 724
488 1 1239
489 1 724
489 1 1240
490 1 724
490 1 1241
491 1 727
491 1 1242
492 1 722
492 1 1244
493 1 722
493 1 1245
494 1 722
494 1 1246
495 1 722
495 1 1247
496 1 722
496 1 1248
497 1 722
497 1 1249
498 1 722
498 1 1250
499 1 722
499 1 1251
500 1 727
500 1 1252
501 1 727
501 1 1253
502 1 726
502 1 1254
503 1 723
503 1 1255
504 1 723
504 1 1256
505 1 722
505 1 1257
506 1 722
506 1 1258
507 1 727
507 1 1259
508 1 727
508 1 1260
509 1 727
509 1 1261
510 1 727
510 1 1262
511 1 727
511 1 1263
512 1 722
512 1 1264
513 1 727
513 1 1265
514 1 729
514 1 1266
515 1 724
515 1 1267
516 1 724
516 1 1268
517 1 724
517 1 1269
518 1 724
518 1 1270
519 1 724
519 1 1271
520 1 724
520 1 1272
521 1 724
521 1 1273
522 1 724
522 1 1274
523 1 724
523 1 1275
524 1 724
524 1 1276
525 1 727
525 1 1277
526 1 729
526 1 1278
527 1 729
527 1 1279
528 1 729
528 1 1280
529 1 724
529 1 1281
530 1 729
530 1 1282
531 1 729
531 1 1283
532 1 729
532 1 1284
533 1 729
533 1 1285
534 1 729
534 1 1286
535 1 729
535 1 1287
536 1 722
536 1 1288
537 1 724
537 1 1289
538 1 727
538 1 1290
539 1 724
539 1 1291
540 1 722
540 1 1292
541 1 722
541 1 1293
542 1 724
542 1 1294
543 1 724
543 1 1295
544 1 723
544 1 1296
545 1 727
545 1 1297
546 1 722
546 1 1298
547 1 724
547 1 1299
548 1 724
548 1 1300
549 1 722
549 1 1301
550 1 722
550 1 1303
551 1 722
551 1 1304
552 1 722
552 1 1305
553 1 722
553 1 1306
554 1 724
554 1 1307
555 1 724
555 1 1308
556 1 724
556 1 1309
557 1 727
557 1 1310
558 1 727
558 1 1311
559 1 727
559 1 1312
560 1 727
560 1 1313
561 1 724
561 1 1314
562 1 722
562 1 1315
563 1 722
563 1 1316
564 1 722
564 1 1317
565 1 722
565 1 1318
566 1 727
566 1 1319
567 1 727
567 1 1320
568 1 723
568 1 1321
569 1 724
569 1 1322
570 1 724
570 1 1324
571 1 727
571 1 1325
572 1 722
572 1 1326
573 1 727
573 1 1327
574 1 722
574 1 1328
575 1 727
575 1 1329
576 1 727
576 1 1330
577 1 727
577 1 1331
578 1 727
578 1 1332
579 1 727
579 1 1333
580 1 722
580 1 1334
581 1 722
581 1 1335
582 1 722
582 1 1336
583 1 722
583 1 1337
584 1 722
584 1 1338
585 1 722
585 1 1339
586 1 724
586 1 1340
587 1 722
587 1 1341
588 1 724
588 1 1342
589 1 722
589 1 1344
590 1 722
590 1 1345
591 1 727
591 1 1346
592 1 722
592 1 1347
593 1 722
593 1 1348
594 1 722
594 1 1349
595 1 722
595 1 1350
596 1 722
596 1 1351
597 1 722
597 1 1352
598 1 722
598 1 1353
599 1 722
599 1 1354
600 1 722
600 1 1355
601 1 727
601 1 1356
602 1 727
602 1 1357
603 1 726
603 1 1359
604 1 722
604 1 1360
605 1 727
605 1 1361
606 1 724
606 1 1362
607 1 724
607 1 1363
608 1 727
608 1 1364
609 1 722
609 1 1365
610 1 722
610 1 1366
611 1 722
611 1 1367
612 1 729
612 1 1368
613 1 729
613 1 1369
614 1 724
614 1 1370
615 1 724
615 1 1371
616 1 724
616 1 1372
617 1 724
617 1 1373
618 1 724
618 1 1374
619 1 724
619 1 1375
620 1 724
620 1 1376
621 1 724
621 1 1377
622 1 724
622 1 1378
623 1 724
623 1 1379
624 1 724
624 1 1380
625 1 724
625 1 1381
626 1 723
626 1 1382
627 1 727
627 1 1383
628 1 727
628 1 1384
629 1 727
629 1 1385
630 1 722
630 1 1386
631 1 722
631 1 1387
632 1 722
632 1 1388
633 1 722
633 1 1389
634 1 722
634 1 1390
635 1 722
635 1 1391
636 1 722
636 1 1392
637 1 722
637 1 1393
638 1 722
638 1 1394
639 1 722
639 1 1395
640 1 724
640 1 1396
641 1 724
641 1 1397
642 1 724
642 1 1398
643 1 724
643 1 1399
644 1 722
644 1 1400
645 1 722
645 1 1401
646 1 724
646 1 1402
647 1 724
647 1 1403
648 1 724
648 1 1404
649 1 724
649 1 1405
650 1 724
650 1 1406
651 1 724
651 1 1407
652 1 724
652 1 1408
653 1 724
653 1 1409
654 1 724
654 1 1410
655 1 724
655 1 1411
656 1 727
656 1 1412
657 1 727
657 1 1413
658 1 727
658 1 1414
659 1 727
659 1 1415
660 1 727
660 1 1416
661 1 727
661 1 1417
662 1 727
662 1 1418
663 1 727
663 1 1419
664 1 727
664 1 1420
665 1 727
665 1 1421
666 1 727
666 1 1422
667 1 727
667 1 1423
668 1 727
668 1 1424
669 1 723
669 1 1425
670 1 723
670 1 1426
671 1 723
671 1 1427
672 1 723
672 1 1428
673 1 723
673 1 1429
674 1 727
674 1 1430
675 1 724
675 1 1431
676 1 722
676 1 1432
677 1 724
677 1 1433
678 1 724
678 1 1434
679 1 727
679 1 1435
680 1 727
680 1 1436
681 1 724
681 1 1437
682 1 724
682 1 1438
683 1 724
683 1 1439
684 1 727
684 1 1440
685 1 729
685 1 1441
686 1 723
686 1 1442
687 1 724
687 1 1443
688 1 724
688 1 1444
689 1 722
689 1 1445
690 1 722
690 1 1446
691 1 729
691 1 1447
692 1 722
692 1 1448
693 1 722
693 1 1449
694 1 727
694 1 1450
695 1 723
695 1 1451
696 1 723
696 1 1452
697 1 727
697 1 1453
698 1 727
698 1 1455
699 1 727
699 1 1456
700 1 727
700 1 1457
701 1 727
701 1 1458
702 1 727
702 1 1459
703 1 727
703 1 1460
704 1 727
704 1 1461
705 1 727
705 1 1462
706 1 727
706 1 1463
707 1 727
707 1 1464
708 1 727
708 1 1465
709 1 727
709 1 1466
710 1 727
710 1 1467
711 1 724
711 1 1468
712 1 724
712 1 1469
713 1 722
713 1 1470
714 1 722
714 1 1471
715 1 722
715 1 1472
716 1 722
716 1 1473
717 1 724
717 1 1474
718 1 724
718 1 1475
719 1 729
719 1 1476
720 1 729
720 1 1477
721 1 729
721 1 1478
