66766	432	0
132639	388	1
31654	435	1
76233	486	1
7234	474	1
135094	58	0
35368	349	1
121052	463	1
19752	84	0
127449	666	1
194293	425	0
20369	520	0
63220	250	0
151097	676	0
122170	471	0
48838	337	1
92196	430	0
36196	389	0
101583	545	1
173527	399	1
130736	451	0
46022	366	0
41386	303	1
2146	127	0
35786	400	1
35786	629	0
97232	114	0
140005	383	1
10445	671	1
37644	539	1
90279	470	0
37937	275	0
166651	407	0
61368	408	1
183701	493	1
111537	12	0
85481	464	1
60538	408	0
165425	215	0
113847	480	0
92444	603	1
132144	463	1
29349	448	1
85384	557	0
55848	372	1
31601	318	1
65307	503	1
14225	401	0
5870	339	0
88170	435	0
86774	606	1
88272	376	1
68742	568	1
145050	486	1
97935	383	1
40365	531	0
129044	229	1
47455	124	0
30866	262	0
163427	178	0
81262	464	1
64636	35	0
48789	275	1
149282	105	0
134092	553	0
92283	376	1
130354	442	1
146974	526	1
24463	218	0
140025	400	1
145814	560	0
190019	351	0
138793	578	0
104127	488	0
69907	238	0
14936	425	0
24087	377	1
40832	25	0
121651	393	1
128563	474	1
59746	287	0
178822	366	0
131143	661	1
120731	466	1
119026	372	1
88273	454	0
182875	499	0
195485	460	1
144239	474	0
168693	133	0
121893	197	0
78545	28	1
55500	573	0
131143	619	0
63159	535	1
103940	421	0
194469	68	0
103498	151	1
186963	326	0
79015	373	1
129354	180	0
127507	673	0
145986	474	1
151215	399	1
173119	380	1
184463	159	1
57681	537	1
193774	435	1
116501	463	1
95778	463	1
138542	211	0
106142	299	0
36021	252	0
74451	121	0
82849	65	0
137059	339	0
145527	540	1
137439	474	1
71695	617	1
129717	381	1
112503	547	0
183214	540	1
52294	589	1
46189	618	1
19489	167	0
98162	349	1
154299	543	1
160527	566	1
192155	20	0
176565	452	0
84451	463	1
159459	160	0
42071	315	0
85358	593	1
120350	585	0
38976	143	0
49089	1	1
94672	540	0
106236	400	1
191120	463	1
52822	360	1
79500	581	0
56182	72	0
88791	497	1
166370	466	1
69268	513	1
64477	463	1
43346	371	1
111523	466	0
164228	283	1
113847	370	1
109110	587	1
18067	377	1
141343	32	0
110525	630	1
19799	618	1
62685	227	1
20179	238	0
103698	676	0
126601	444	1
54173	610	0
172021	642	1
130604	164	0
198286	94	1
137947	536	0
97246	474	1
88260	527	1
65444	608	1
85443	560	1
119221	385	0
175397	319	0
51809	550	1
14936	463	1
135784	355	1
29386	376	1
7181	52	0
18074	617	1
104407	379	1
101252	379	1
29129	108	1
30117	431	0
113683	379	1
179645	617	1
186264	11	1
74429	442	1
167162	176	1
53964	253	0
47122	339	1
103449	400	1
50606	275	1
80361	90	0
175150	560	1
149282	349	1
97655	540	1
73386	398	1
170824	321	0
165098	442	1
45080	84	0
28931	369	1
44233	510	1
153563	387	0
112205	237	0
132340	442	1
80115	171	0
102615	213	1
144063	570	0
95266	466	1
162212	181	1
121982	545	1
40900	316	1
122170	383	1
104527	363	0
134477	600	0
172120	376	1
86358	466	1
52830	121	0
145814	442	1
176741	76	0
18820	543	0
17154	224	0
138313	10	0
188213	286	0
158689	560	1
63969	647	0
75625	377	0
49899	533	1
2120	558	0
39140	376	1
87689	463	1
195861	659	0
195454	376	1
172551	646	0
164635	149	0
42431	592	1
138793	397	1
17884	220	0
52107	376	1
148349	506	0
162169	606	0
21107	645	0
185117	515	0
93619	219	0
36213	694	1
155328	442	1
40832	216	1
83517	474	1
129747	434	1
185117	383	1
97353	68	0
150038	225	1
186264	187	0
54776	478	1
132994	527	0
115084	437	1
146064	545	1
175687	611	0
197916	437	1
170385	6	0
74435	463	1
9249	102	0
29394	568	0
21681	106	0
142331	528	0
29303	558	0
188952	463	1
176949	337	0
186128	379	1
83771	436	0
52963	216	0
147707	391	0
8703	180	0
164483	474	1
180220	376	1
42355	376	1
95844	477	1
65614	617	1
52793	223	1
170395	364	0
131113	328	0
41626	474	1
144155	181	1
51957	30	1
2758	560	0
76033	504	0
83783	466	1
77031	345	0
197582	498	0
133991	679	0
35505	166	1
94714	376	1
4965	470	0
6977	390	0
57126	393	1
9249	466	1
149929	310	0
55500	377	1
99091	167	0
84835	563	0
83004	359	1
91438	148	1
119529	579	1
3433	674	0
145840	177	0
1041	360	0
178182	489	1
138979	437	1
124194	335	0
95931	359	1
88502	463	1
111267	486	1
146031	349	1
88491	253	0
62564	512	0
117408	376	1
160225	389	1
42519	474	1
92444	679	0
97301	473	1
81587	349	1
122319	474	1
129048	474	1
119026	630	0
27423	350	1
82417	343	0
28931	41	0
41696	116	0
100320	483	0
30272	400	1
117408	101	0
93859	334	1
98712	438	0
59485	281	0
133212	449	1
157558	153	0
129769	7	0
55792	556	0
80838	466	1
5376	94	1
82573	575	0
165399	209	0
193875	675	0
69907	349	1
182036	134	0
39755	489	1
172080	376	1
108099	476	0
38289	377	1
90240	410	0
52013	244	1
121893	478	1
195156	587	1
150825	614	1
139488	466	1
76735	474	1
117121	446	0
97246	624	0
138282	355	1
185901	184	1
130069	203	0
189145	1	1
58754	534	0
152307	301	0
47965	203	0
161633	463	1
16092	396	1
8088	442	1
133722	106	0
46966	253	0
155283	201	0
37566	429	1
85895	546	0
41696	226	1
32566	473	1
100752	618	1
33600	377	1
570	540	1
112492	136	0
104036	52	0
163365	49	0
52531	314	0
106151	244	1
166069	315	1
145840	349	1
83264	379	1
19357	376	1
116230	568	1
119950	358	1
46551	513	1
5319	380	1
146526	380	1
100111	409	1
415	338	0
50592	543	0
5102	97	0
167970	383	1
61939	616	0
49089	566	0
92169	463	1
8707	593	0
23496	350	1
138997	478	1
175150	530	0
75160	408	1
21215	121	0
50994	201	0
42068	473	1
24755	84	0
25112	428	1
50994	653	1
97197	576	1
126365	372	1
68295	46	0
123965	463	1
108180	562	0
129896	625	0
23251	437	1
68245	88	0
64685	99	0
122635	66	0
166855	665	1
137201	477	1
69420	271	0
80318	599	0
127185	322	0
54776	489	0
126895	76	0
116932	309	0
131405	602	1
121685	569	1
157265	341	0
85227	302	1
110122	89	0
188018	447	0
24406	70	0
140563	9	0
63477	481	0
65160	463	1
167331	474	1
152826	362	0
38992	474	1
4305	611	0
193986	358	1
1088	278	0
162928	19	0
164107	199	0
35549	124	1
154750	513	0
66445	494	1
86774	244	0
128107	84	0
124688	466	1
53498	466	1
172365	464	1
98881	657	0
193175	315	0
160005	463	1
7234	655	0
84731	370	0
24189	401	1
187426	450	1
33526	376	1
119339	132	1
191481	337	1
7470	441	1
50435	147	0
143432	463	1
86549	216	0
196163	164	0
159459	563	1
64685	474	1
138313	463	1
119412	474	1
140330	162	0
31654	118	0
117499	98	1
112188	393	1
106555	334	1
30965	559	1
167970	202	0
70766	397	1
100109	463	1
88458	229	1
111808	400	1
129963	541	0
151208	282	0
117424	463	1
17552	473	1
155051	237	0
91061	242	0
23506	408	1
186456	84	0
1332	442	1
46753	379	1
130910	376	1
60351	463	1
52818	306	0
54070	466	1
68526	165	1
108327	436	0
79500	376	1
19489	437	1
197696	204	0
108152	643	0
46470	463	1
62875	196	0
22062	408	1
115108	431	0
77834	393	1
172080	392	0
150886	464	1
188208	74	0
145702	485	1
146397	35	0
97935	688	0
100527	474	1
23867	314	0
131189	379	1
127905	204	1
176046	474	1
97688	229	1
161374	474	1
81790	275	1
53917	537	1
30965	595	0
139665	145	1
66563	245	0
24087	496	0
1563	78	0
117076	428	1
167331	249	0
54912	186	0
154899	360	1
71163	194	0
51799	370	1
124179	204	1
64636	494	1
3118	148	1
27272	377	1
135988	302	0
112735	545	1
180220	603	0
71651	74	0
194325	135	1
44282	5	0
118552	526	1
130917	361	1
27267	595	1
144196	442	1
89253	11	0
28810	691	0
177657	118	0
85996	444	1
107329	649	0
91438	502	0
74451	448	1
163124	658	1
109181	666	1
186445	392	0
83452	402	0
69453	55	0
73239	526	1
12977	622	0
75240	442	1
25595	406	0
56508	464	1
154217	563	1
51421	463	1
71495	444	1
174129	337	1
131113	132	1
158430	50	0
108099	372	1
144090	668	1
144142	213	1
24049	225	1
31887	630	0
32139	481	0
6029	592	1
86987	587	1
136404	383	1
85202	151	0
52168	291	0
110767	4	0
98867	33	1
55606	623	0
71495	271	0
68031	1	0
26355	377	1
164043	413	1
37644	697	0
133272	280	1
6428	257	1
24294	559	0
104127	474	1
115501	607	0
111167	576	1
154742	687	0
62699	454	0
198949	527	1
161852	530	0
188808	247	0
28277	340	1
189816	20	1
27204	124	1
142331	225	1
54502	434	1
75943	506	0
35074	426	1
191382	67	0
15228	397	1
53498	599	0
193629	377	1
162383	474	1
128647	380	1
21215	408	1
38110	409	1
124327	390	1
59831	622	0
50606	156	0
142615	539	1
78917	126	0
59384	261	1
65412	537	1
86247	466	1
186963	463	1
82580	678	1
86595	580	1
150825	31	0
63076	325	0
79159	139	0
73603	615	1
147410	405	1
36097	124	1
88791	144	0
80115	463	1
152971	658	1
185696	410	0
198899	692	1
177539	510	0
164562	478	1
5380	372	1
86413	434	1
134092	383	1
136383	159	0
98373	176	0
195986	189	0
115609	376	1
1041	485	1
51101	645	0
104055	253	0
72032	373	1
180267	409	1
104308	376	1
68780	452	1
62707	363	0
23251	537	0
27567	377	1
104036	512	1
101273	560	1
32685	81	0
198949	417	0
12912	389	1
150886	340	0
151353	437	1
103950	10	0
102523	94	0
57307	568	1
50636	273	0
160225	592	0
172775	487	0
54022	150	0
10110	376	1
172961	35	0
97620	492	1
108228	168	0
133725	695	0
162702	463	1
83896	120	0
2734	405	1
6428	414	0
186128	327	0
155730	434	1
180748	504	0
179399	550	1
171489	383	1
70636	203	0
172057	474	1
124507	553	0
196141	98	0
56157	25	1
49569	696	0
127507	442	1
183608	463	1
161576	445	1
172416	548	0
53908	266	0
143782	376	1
8175	315	1
176046	522	0
181155	614	0
87698	371	0
11681	474	1
69551	477	0
13664	208	0
132891	196	0
179645	626	0
42935	405	0
176257	88	1
176517	382	1
30350	177	1
47424	463	1
31968	414	0
65189	112	0
14387	382	1
115609	173	0
7273	339	1
104821	379	1
10866	315	1
14387	288	0
137947	658	1
94194	520	1
15302	83	0
151013	478	1
174073	532	0
57039	234	1
149239	466	1
17129	4	0
178952	114	0
39755	541	0
27267	471	0
190877	405	0
118552	189	0
49812	589	1
13104	224	0
85996	501	0
151097	244	1
18207	266	0
157474	456	0
187834	463	1
28191	504	0
167771	111	0
10275	48	0
123063	547	0
140183	102	0
178846	376	1
22695	472	0
11494	240	0
85471	421	0
61989	411	0
205	277	0
84634	409	1
11411	641	0
36021	404	1
148493	311	0
139978	477	1
52788	644	1
48839	560	1
164296	575	0
53329	215	0
61868	595	1
39711	681	0
111335	128	0
123410	29	1
179747	434	0
41929	356	1
81850	229	1
27329	694	1
149140	373	0
70344	659	1
140330	641	1
68477	463	1
119221	437	1
35926	665	0
66284	537	1
49363	617	1
37566	449	0
22615	258	0
119353	617	1
77304	583	1
75264	389	1
143029	9	0
66270	276	0
176517	695	0
31662	101	0
91061	444	1
51851	463	1
199166	561	0
163526	695	0
89796	311	0
189804	490	1
9835	198	1
6232	537	0
163831	235	0
10104	464	0
70377	93	0
160888	466	1
1073	48	0
100352	588	0
123586	523	0
163116	256	0
180405	408	1
21147	132	0
114246	587	1
81241	390	0
104851	242	0
120083	573	0
41173	570	0
90521	376	1
113901	249	1
189360	383	1
53228	465	0
117424	587	0
13576	512	1
21080	450	1
15134	161	1
20865	320	0
168327	470	0
34093	481	0
174507	152	0
152042	416	0
25112	381	0
154299	668	0
24508	237	0
1643	297	0
46049	437	1
150369	114	0
196710	72	0
139128	663	0
87528	466	1
32139	279	1
189360	545	0
111696	91	0
130815	174	0
150589	376	1
81369	493	1
11494	463	1
116410	399	0
154175	467	0
3804	257	1
146913	397	1
150098	463	1
4091	537	0
106359	474	1
177177	0	0
170395	94	1
1088	376	1
135657	495	0
83408	609	0
39365	419	0
181605	74	0
130077	506	0
41173	466	1
174248	204	1
64427	634	0
30328	426	1
182875	512	1
59746	586	1
120905	380	1
70377	474	1
5277	71	0
170738	436	0
127449	252	0
118401	589	0
179578	435	1
146495	338	0
178822	464	1
115197	441	1
186202	522	0
169453	600	0
186594	527	1
4250	598	0
50813	265	0
55565	608	1
7273	529	0
70444	191	0
182922	598	0
195227	527	1
61308	516	1
5466	370	1
39880	469	0
17661	520	1
191481	335	0
48935	469	0
142421	28	1
144955	415	1
81496	305	0
187961	586	1
195454	459	0
179011	24	0
93939	129	0
44680	244	1
145527	79	0
168324	360	0
31352	129	0
44441	395	1
164222	560	1
86890	376	1
82417	261	1
87246	434	1
117824	36	0
152421	171	1
130156	170	0
133309	591	1
104407	142	0
49476	376	1
11385	30	0
161507	442	1
144239	229	1
154279	376	1
147498	272	0
103028	366	1
18588	383	1
38726	198	1
57667	360	1
68780	585	0
15283	223	1
33600	695	0
181038	474	1
161234	474	1
58973	314	0
85563	15	0
124179	641	0
14659	520	0
93619	225	1
21681	408	1
86413	606	0
78430	119	0
199104	171	0
158240	36	0
110275	263	0
15267	360	0
18675	279	1
36197	347	0
156865	463	1
64176	209	0
9536	73	0
141343	428	1
111200	188	0
19268	561	0
108981	663	0
80919	527	0
161842	463	1
68031	343	1
53964	463	1
144134	16	0
151215	243	0
121896	568	1
126055	587	0
65147	626	1
159149	429	0
50459	655	0
11563	281	0
181174	571	1
78743	618	1
81369	436	0
152261	644	1
98640	503	1
80203	127	0
103028	255	0
15267	408	1
141500	253	0
165012	466	1
69798	633	0
114273	32	0
132894	355	1
189190	636	0
167162	90	0
47455	25	1
133272	653	0
68365	379	1
132278	410	1
124640	647	0
65788	537	0
46049	301	0
136313	129	0
45564	261	1
148071	482	1
94072	206	0
88911	349	1
59951	486	1
1288	377	0
134551	175	0
4071	32	0
177467	463	1
136404	315	0
74512	616	0
149212	290	0
152804	208	0
107334	559	0
43792	618	1
110116	379	0
140005	146	0
152104	554	0
161633	84	0
193175	376	1
111347	290	0
195401	381	1
66270	98	1
28433	532	0
168928	493	0
152467	228	0
177657	533	1
63076	400	1
120944	456	0
81038	404	0
157310	551	1
87246	24	0
75790	437	1
50813	463	1
4770	621	0
79650	41	0
75666	415	0
39711	478	1
53045	447	0
169223	386	0
142256	291	0
85927	513	1
21042	379	1
45817	413	0
188455	659	0
174810	373	1
165399	442	1
58873	360	1
72959	560	1
129044	58	0
167816	33	0
83896	377	1
20369	540	1
105310	412	0
26664	349	1
138282	598	0
10258	464	1
196897	195	0
1203	376	1
105310	478	1
28160	616	1
194325	271	0
90279	1	1
116196	437	1
171558	474	1
114248	666	0
180663	301	0
135410	145	0
87739	590	1
2758	551	1
76275	623	0
153713	504	0
107554	608	1
115197	326	0
140268	139	0
20877	677	0
58598	427	0
38775	318	0
33149	40	0
162321	560	1
59485	395	1
24194	534	0
52093	223	0
69834	409	1
87240	376	1
68477	213	0
89621	342	0
97232	337	1
92881	614	1
185380	409	1
110520	437	1
53908	28	1
32021	128	0
189145	634	0
56157	542	0
98482	525	0
48789	645	0
129934	464	1
6029	179	0
130452	326	0
67585	543	1
62267	474	1
74632	409	1
131933	478	1
80347	645	1
52963	405	1
161898	369	0
165012	632	0
72487	28	0
28590	643	1
23902	388	0
126115	474	1
149212	428	1
149911	642	0
191029	463	1
160746	678	0
164296	360	1
5662	146	0
49812	259	0
128293	526	1
135003	486	1
129489	568	1
193711	474	1
74429	385	0
164043	620	0
128774	309	0
31169	501	1
166726	238	0
85481	387	0
164222	447	0
28590	463	0
187426	194	0
120978	449	0
80779	87	1
174146	364	1
35896	474	1
192155	482	1
106297	482	0
109812	463	1
4076	40	0
65128	126	0
126254	676	0
76033	349	1
41929	534	0
73129	621	0
195227	69	0
91530	616	0
82669	263	0
159149	398	1
160507	181	1
106548	187	0
61294	673	0
117491	634	0
94194	33	0
146031	439	0
163116	344	1
15269	464	1
72237	349	1
88491	486	1
153532	263	0
20582	377	1
89406	35	0
109488	376	1
91441	617	1
88066	618	1
7729	688	0
172231	513	0
124507	261	1
108285	367	1
126601	459	0
85256	499	0
39701	152	0
28110	32	0
111696	225	1
51562	454	0
92881	104	0
163124	624	0
168327	545	1
110082	399	0
172775	466	1
152390	340	0
124171	474	1
10258	144	0
18297	238	0
74862	594	0
29142	360	1
85443	463	0
47089	435	1
45206	684	0
196236	409	1
22607	153	0
55848	384	0
18829	385	0
112591	459	0
133991	527	0
77549	478	1
76913	485	1
18207	258	1
135410	449	1
128193	376	1
93530	584	0
133991	368	1
58639	551	1
65420	390	1
67012	314	0
57985	595	1
10540	473	0
21133	619	0
122159	644	1
29326	122	0
168141	642	1
92903	540	1
142310	565	0
86021	238	0
133570	324	0
175894	623	0
114972	527	1
126895	474	1
193072	408	1
102808	287	0
7947	395	1
57809	390	1
162510	518	0
126523	162	0
179747	138	1
166280	379	1
62564	132	1
60021	679	0
85256	399	1
188369	286	0
18858	692	0
94145	428	0
156712	400	1
8017	603	1
93243	625	0
46767	86	0
19651	337	0
97718	486	1
54210	65	0
47424	588	0
13664	349	1
154168	644	0
67365	609	0
132994	376	1
126542	426	1
183187	67	0
1595	541	0
181589	464	1
93476	349	1
67346	42	0
157474	486	1
172057	605	0
131523	572	1
138109	382	1
139488	560	0
106151	411	0
157057	376	1
156533	463	1
102494	290	0
73369	463	1
156573	540	1
101583	187	0
33955	375	0
37902	473	1
190932	463	1
52940	32	0
122161	501	0
190651	390	1
170066	563	0
5646	583	1
21126	372	0
80779	68	0
166280	681	0
155673	638	0
193711	652	0
81247	526	0
170594	187	0
13576	9	0
139720	283	0
134477	595	1
25327	399	1
138109	610	0
47122	648	0
30414	445	1
88101	486	1
75646	397	1
53548	299	0
46966	441	1
42427	478	1
164107	376	1
169599	492	0
55208	486	1
80629	385	0
81819	496	0
76295	100	0
174814	349	1
73638	631	0
118368	190	0
187803	442	1
147281	434	1
130588	486	1
168074	684	0
21847	380	1
192658	583	1
14667	257	1
48280	147	0
17129	463	1
95864	376	1
72772	137	0
141105	215	0
58639	623	0
115084	478	0
48280	409	1
133991	442	1
23496	659	0
22831	434	1
121896	49	0
38289	611	0
185696	379	1
135988	512	1
4071	510	1
81834	124	0
109136	373	1
18675	507	0
152373	247	0
74827	399	1
139861	214	0
4562	296	0
55274	114	0
86549	478	1
171694	474	1
71798	606	0
1619	361	0
187803	329	0
97688	278	0
65473	448	0
93476	599	0
169058	433	0
63741	474	1
64748	148	1
91068	512	0
165715	464	1
163543	671	0
11681	381	0
140763	380	1
36363	318	1
13033	474	0
151575	171	1
180371	441	0
161507	123	0
67736	32	1
134413	474	1
166355	485	1
154217	85	0
29129	231	0
156573	22	0
181605	437	1
162880	484	0
186170	425	0
70604	540	1
137439	215	0
154456	282	0
95954	474	1
6541	437	1
27014	477	0
119950	380	0
47965	428	1
108981	393	1
160508	368	1
28160	383	0
55976	307	0
89406	132	1
84068	691	0
42071	377	1
74356	173	0
123961	413	0
114751	92	0
39365	463	1
46698	349	1
778	540	1
138997	531	0
73369	105	0
95797	603	1
1073	397	1
58836	554	0
196236	671	0
62454	383	1
124846	285	0
144090	292	0
101252	126	0
37259	651	0
62707	409	1
50625	390	1
95864	595	0
95778	528	0
80940	392	0
21739	34	0
75387	375	0
80460	613	0
113683	202	0
52710	537	1
52013	460	0
17036	463	1
128598	441	0
14150	474	1
120905	553	0
186644	181	0
4305	29	1
118401	376	1
173808	522	1
32555	501	1
169340	686	0
181336	645	1
107741	397	1
135929	376	1
53548	474	1
17417	478	1
14191	408	1
163675	376	1
71890	539	1
168200	376	1
75629	69	0
152042	482	1
46609	375	0
18387	617	0
50592	434	1
27567	58	0
116501	180	0
48385	484	0
20144	93	0
59807	441	0
30414	381	0
157286	639	0
3433	343	1
82324	527	1
24406	348	1
112735	33	0
126149	380	0
32851	15	0
32189	410	1
173578	271	0
3729	287	0
55675	630	1
14093	434	1
48839	534	0
51966	486	1
154456	437	1
22615	408	1
31414	376	1
193464	297	0
68498	239	1
195259	349	1
145050	616	0
4965	376	1
87998	513	1
88066	668	0
147281	28	0
80203	463	1
94805	376	1
52788	57	0
193774	19	0
31001	524	0
66349	381	0
104308	556	0
70993	217	1
42331	348	1
44272	463	1
26169	473	1
23474	408	1
46037	496	1
136800	316	0
102615	298	0
65788	360	1
18820	460	1
61247	526	1
23474	677	0
1595	474	1
98123	473	1
106463	148	1
139124	472	0
28501	18	1
19882	480	1
92470	613	0
150369	465	1
162920	474	1
138616	191	0
127709	545	1
17884	301	1
34882	354	1
48032	148	1
37259	368	1
4155	399	1
186170	603	1
24965	118	0
109878	466	1
87808	359	1
166726	106	1
154979	464	1
150707	455	0
163133	274	0
166651	376	1
76843	574	0
77088	399	1
113264	7	1
142229	404	1
142229	0	0
26151	463	1
109381	568	0
75713	165	0
151575	51	0
114678	245	0
10445	500	0
153051	257	0
57681	139	0
22831	569	0
114248	393	1
113901	224	0
162712	380	1
90555	384	0
48025	225	0
15269	56	0
152421	530	0
58598	379	1
76338	468	0
189102	256	0
158486	500	0
146526	80	0
75943	465	1
148490	96	0
90576	479	0
90161	376	1
9869	42	0
570	16	0
107962	281	1
79512	376	1
149803	463	1
91709	376	1
131405	485	0
130452	346	1
158618	435	1
176201	376	1
84451	690	0
44441	220	0
25203	463	1
65408	244	0
150098	5	0
192658	644	0
105786	146	0
60593	399	0
32248	674	0
109681	463	1
116941	376	1
61962	463	1
179578	4	0
173342	644	1
22062	275	0
85970	32	1
46470	409	0
25351	474	1
145825	349	1
82200	389	1
92169	435	0
91073	428	1
109862	380	0
8266	617	1
4272	278	0
68998	372	1
180064	659	1
47917	383	1
45080	449	1
107081	489	1
8707	442	1
47913	399	1
68850	282	1
46907	466	1
57039	641	0
107329	466	1
13104	540	1
19882	406	0
69420	463	1
154782	254	0
197273	94	1
99061	229	1
186644	397	1
66330	434	1
173119	232	0
154804	617	1
142206	642	0
147707	428	1
128647	580	0
26645	335	0
182259	408	0
42678	285	0
4321	587	1
44444	474	1
8175	340	0
13066	460	1
155471	381	0
161018	482	1
57809	537	0
91073	213	0
22917	353	0
11865	474	1
11423	442	1
119043	484	0
78410	137	0
52593	639	0
48838	397	1
162510	355	1
187961	242	0
191380	474	1
111806	486	1
152104	181	1
52093	97	1
58836	520	1
175545	478	1
13290	486	1
130986	359	0
7470	397	0
98862	448	1
146913	365	0
62445	505	0
159211	630	0
104173	618	1
28749	406	0
68703	190	0
180405	131	0
161803	684	0
27329	509	0
51421	290	0
52793	692	0
129285	174	0
146064	594	0
30321	542	0
178763	380	0
169210	45	0
4808	466	1
11849	474	1
2042	257	1
152373	568	1
83576	344	0
3709	332	0
88911	350	0
85549	477	0
77984	646	0
80116	29	0
167746	215	0
51047	476	0
79055	617	1
126254	463	1
137201	432	0
4272	545	1
183731	486	1
79512	102	0
19868	0	0
113681	117	0
117328	578	0
126149	617	1
31662	376	1
76099	359	1
173605	478	1
110767	399	1
8092	622	0
108657	69	1
82626	583	0
19439	472	0
155051	474	1
177613	381	1
165715	347	0
181589	570	0
105247	305	0
121890	460	0
98123	656	0
111523	512	1
353	311	0
193255	428	0
128204	67	0
25379	328	0
181369	320	0
160888	609	0
36855	391	1
151116	10	0
161576	617	0
91004	473	0
18067	281	0
135873	568	1
173527	505	0
14237	559	0
116941	2	0
63740	546	0
150641	250	0
141255	520	1
181336	674	0
100752	11	0
51966	625	0
77088	419	0
103748	331	0
68295	400	1
193255	349	1
39991	539	1
84649	512	1
146628	438	0
65814	551	1
68703	464	1
25351	245	0
36231	609	0
83783	455	0
83576	537	1
36097	319	0
42678	474	1
10337	285	0
4646	9	0
19805	47	0
157286	474	1
191382	536	1
4091	373	1
172021	634	0
55214	221	0
133722	474	1
176201	76	0
158816	361	1
75840	1	1
14659	435	1
170738	383	1
148487	587	0
170066	463	1
128315	593	0
124327	46	0
109878	218	0
60804	616	0
96695	598	0
74862	464	1
49143	343	1
193451	599	0
30328	528	0
38976	376	1
21761	379	1
78605	618	1
153563	474	1
51429	132	1
147856	460	0
58849	210	0
70640	72	0
118616	474	1
69834	596	0
95797	390	0
40365	466	1
85572	349	1
119353	290	0
63671	204	1
129896	545	1
135862	654	0
138892	451	0
93530	108	1
71495	553	1
81241	535	1
31917	268	0
32021	368	1
155673	360	1
98162	682	0
153532	446	1
59605	132	1
142237	65	0
198215	135	1
102161	255	0
152390	355	1
42935	694	1
24463	466	1
190881	586	1
170725	460	1
78545	557	0
70256	466	1
120350	181	1
11849	381	0
75790	450	0
126115	281	0
40900	383	0
120978	399	1
161668	142	0
49913	463	1
9192	10	0
74211	263	0
127709	57	0
158486	381	1
153246	376	1
153246	264	0
130354	447	0
109488	113	0
1842	293	0
93627	622	1
186674	132	1
180371	420	1
43776	0	0
151738	463	1
120648	658	1
60703	563	0
162702	566	0
69268	611	0
36892	638	0
88898	463	1
10866	370	0
353	496	1
160412	463	1
36398	437	1
93859	267	0
85970	621	0
98328	244	1
90521	208	0
43139	250	0
4808	156	0
24965	450	1
128843	376	1
177539	376	1
123468	441	1
76099	623	0
24194	444	1
169340	463	1
26966	517	1
64772	475	0
48409	383	1
60593	493	1
164236	22	0
117121	376	1
134411	463	1
159930	204	1
171802	349	1
175687	437	1
14742	435	1
90405	197	0
1332	200	0
147410	603	0
146617	157	0
198314	377	1
74211	386	1
86595	117	0
77267	355	1
156429	349	1
35074	311	0
41889	111	0
154066	377	1
60548	234	0
83414	258	1
103136	35	0
125940	321	0
38535	436	1
14191	607	0
179065	463	1
112492	463	1
179449	4	0
5518	485	1
116471	348	0
27661	624	0
2964	354	0
62699	349	1
60021	293	1
123665	509	0
124846	397	1
137059	444	1
91441	488	0
35252	567	1
151013	156	0
115029	321	0
58249	167	0
119043	486	1
93238	463	1
91882	415	0
173845	486	1
90576	486	1
24529	40	0
105612	619	0
43365	199	0
38535	447	0
63220	383	1
84649	443	0
46907	435	0
168200	490	0
67346	229	1
13484	693	1
164160	107	0
168141	421	0
170388	658	1
5380	613	0
71213	507	0
158618	62	0
172197	443	0
83093	400	1
73612	561	1
149692	82	0
46753	319	0
55565	139	0
46821	463	1
121074	133	0
132637	31	0
63287	92	1
148493	380	1
110571	509	0
32860	403	1
154091	68	0
129285	464	1
32394	566	0
190877	132	1
25379	474	1
189816	407	0
17561	253	1
24622	543	0
97663	376	1
57508	485	1
116412	549	0
114224	372	1
169599	28	1
199104	426	1
63741	261	0
138979	482	0
189908	405	1
48429	474	1
15302	473	1
170594	553	1
53035	426	0
129441	376	1
136606	520	0
151555	418	1
177812	362	0
148490	463	1
154088	214	0
87054	463	1
17110	349	1
112006	305	0
109177	393	1
135003	603	0
10104	474	1
7807	657	0
34906	536	1
156409	623	0
99243	353	1
146974	685	0
161018	84	0
60816	669	0
114892	154	0
164614	507	0
85471	261	1
50566	320	0
19439	1	1
56182	478	1
61868	666	0
130126	389	0
167254	443	0
108228	448	1
97229	406	0
148774	434	1
79818	229	1
70256	688	0
175093	270	0
141500	478	1
155975	437	1
51562	399	1
185175	383	1
61094	445	1
103950	526	1
140563	426	1
94745	630	0
75625	553	1
100771	460	1
174592	431	0
144650	376	1
174904	520	1
38726	676	0
61294	383	1
142327	466	1
188369	664	1
65307	688	0
14742	105	0
98712	92	1
160527	370	0
8092	645	1
133309	362	0
32375	576	1
123965	216	0
28191	416	1
173845	450	0
48078	137	0
182408	305	0
192289	400	1
31414	55	0
68498	641	0
160466	388	0
114892	376	1
74512	608	1
68998	675	0
188213	437	1
130986	446	1
10116	377	0
127388	641	0
45702	386	1
7181	441	1
151208	448	1
138902	588	0
161374	113	0
178007	376	1
109152	384	0
46698	625	0
110122	466	1
147416	234	0
180600	463	0
120061	60	0
175196	366	1
90161	444	0
8823	474	1
89253	379	1
81850	315	0
154279	281	0
101861	515	0
20043	566	1
75483	464	1
193302	1	0
5662	376	1
28749	606	1
193464	564	1
90173	628	0
74859	517	0
93243	644	1
144955	200	0
100453	393	0
37572	132	0
95954	509	0
169223	586	1
24508	408	1
51866	616	1
140763	568	0
91149	348	0
56461	463	0
188455	466	1
157922	31	1
96539	425	0
63510	642	1
107125	395	1
24189	375	0
85681	16	0
90533	180	0
80919	337	1
46551	648	0
56506	373	0
70640	478	1
32566	414	0
48353	684	0
108529	498	0
85681	545	1
125132	161	0
52593	386	1
63671	644	0
104055	463	1
63287	126	0
78743	666	0
144142	653	0
50566	466	1
147856	386	1
84468	33	1
29386	322	0
140742	544	0
32235	358	0
29511	343	0
108090	110	0
123468	589	0
34676	488	1
93939	466	1
82580	611	0
175087	445	0
130566	667	1
102494	132	1
128193	78	0
55274	399	1
181174	193	0
104851	400	1
154168	466	1
193006	433	0
108686	192	0
148273	383	1
32235	463	1
122250	370	1
175073	671	0
73656	119	0
18672	198	1
162299	546	0
53612	153	0
61989	479	1
167816	466	1
125417	275	0
7947	198	0
65483	139	0
36213	697	0
89796	463	1
27272	548	0
153884	317	1
54680	280	1
161852	441	1
130604	229	1
174146	505	0
56941	128	0
122324	474	1
99012	506	1
52822	245	0
195485	90	0
150038	107	0
155895	376	1
18698	399	0
143849	358	0
10071	463	1
130957	463	1
32322	121	0
162634	383	1
88273	380	1
106167	587	1
109862	463	1
131287	437	1
95931	512	0
57508	271	0
30350	596	0
88898	271	0
107211	339	0
135039	376	1
1643	376	1
67365	140	1
178280	227	0
32685	129	1
86111	461	1
127267	485	1
8823	604	0
126139	171	1
81804	335	0
72032	314	0
18410	3	0
121651	551	0
46767	400	1
35923	377	1
2146	463	1
111200	379	1
197658	540	1
186202	478	1
99401	376	1
163086	283	1
31887	527	1
84068	466	1
160466	606	1
78605	272	0
43188	543	1
60804	188	1
48107	231	0
26151	659	0
148774	13	0
180335	540	1
267	137	0
143432	147	0
33526	664	0
29326	212	1
87228	526	1
103449	136	0
44162	292	1
71695	5	0
182305	474	1
144309	568	1
75646	87	0
97627	315	1
117824	408	1
23144	430	0
98862	597	0
85549	543	1
80808	157	0
80361	448	1
112188	544	0
97833	328	0
106167	222	0
16397	379	0
5376	270	0
169453	478	1
94145	379	1
174602	217	0
9646	463	1
72130	460	0
45564	268	0
78917	148	1
190359	630	0
121074	452	1
122324	586	0
156865	215	0
173342	389	0
82200	86	0
95768	195	0
164459	395	1
120879	349	1
192276	463	1
164562	163	0
98881	225	1
151555	634	0
83093	240	0
154088	181	1
159211	566	1
85563	132	1
22695	436	1
174248	215	0
133329	188	1
29303	547	1
82383	350	1
19324	74	0
94745	568	1
74103	658	0
44272	294	0
46189	218	0
154804	649	0
415	478	1
178973	473	1
185326	557	0
32375	442	0
99401	18	0
65814	176	0
109381	466	1
141578	359	1
44806	576	0
99243	610	0
132894	592	0
130917	141	0
147498	474	1
156429	360	0
130566	337	0
93668	428	1
126523	448	1
7271	43	0
94072	397	1
186456	644	1
3118	454	0
103730	581	0
35923	433	0
109689	409	1
89418	501	0
73257	688	0
74103	444	1
3729	188	1
35549	210	0
165425	126	1
182263	18	0
52830	459	1
61124	474	1
32555	449	0
175087	343	1
71512	466	1
88272	337	0
166598	596	0
108529	229	1
18829	478	1
164879	165	0
44162	514	0
29939	376	0
69453	470	1
17561	38	0
8571	370	1
110525	393	0
23030	449	0
87422	474	1
48385	527	1
173359	368	1
131287	636	0
75264	629	0
128204	317	1
127791	4	0
149692	339	1
50459	466	1
48078	448	1
43365	581	1
35227	258	0
36892	46	1
56470	303	0
180064	586	0
52371	317	0
54890	428	0
100970	409	1
183731	509	0
12912	344	0
31352	474	1
72470	261	1
56508	233	0
80340	674	0
144780	516	1
153713	285	1
136606	452	1
1952	143	0
138892	474	1
13290	421	0
4250	349	1
88701	631	0
110520	21	0
73831	545	1
145660	405	1
150647	466	1
81315	486	1
80629	463	1
100085	573	0
28631	31	0
105123	444	1
152017	251	0
104297	697	0
152261	585	0
16584	463	1
74090	373	1
122250	119	0
58057	376	1
180663	478	1
126645	417	0
109595	455	0
23355	436	1
182036	258	1
172120	520	0
130736	198	1
81315	692	0
72487	474	1
129225	435	0
87739	147	0
8017	135	0
158816	200	0
55783	489	1
64580	576	0
28110	477	1
47639	560	0
114246	133	0
6508	399	1
16092	351	0
35437	398	1
18410	383	1
50435	537	1
144134	244	1
87251	455	0
7831	30	1
154899	6	0
76735	423	0
84687	466	1
109595	349	1
19268	466	1
185326	390	1
150651	457	0
73612	239	0
128107	410	1
197115	266	0
145774	474	1
15821	45	0
1952	133	1
77378	333	0
118616	243	0
188952	426	0
84634	526	0
55205	372	1
95266	198	0
123586	434	1
74581	167	0
135657	477	1
20877	379	1
160424	376	1
17062	104	0
54912	359	1
112932	132	1
89056	527	1
152971	307	0
160424	531	0
187099	618	0
122319	246	0
55606	466	1
77834	566	0
118113	386	1
43346	489	0
76233	386	0
176545	190	0
120817	540	1
188683	622	0
95768	390	1
70444	380	1
93238	165	0
149826	23	0
88458	212	0
51429	422	0
49695	396	0
129489	154	0
51668	535	1
110116	644	1
180363	307	0
153552	474	1
155471	478	1
48353	376	1
6228	371	1
106535	44	0
104821	254	0
188967	461	1
53228	29	1
73175	298	0
24215	135	1
121463	53	0
129354	214	1
190099	194	0
149911	198	1
95848	383	1
32189	464	0
55783	404	0
4537	348	1
170824	668	1
189102	437	1
130408	610	0
73257	349	1
46097	466	1
129747	686	0
12165	175	1
68175	545	1
33938	442	1
127386	204	1
57258	373	0
88438	197	0
28433	410	1
110022	204	1
59807	614	1
162212	284	0
32248	24	1
129232	190	0
124171	668	1
68175	238	0
106142	376	1
52818	448	1
149140	380	1
148703	366	0
50782	227	0
173736	197	0
6677	532	1
126381	405	1
81819	474	1
44321	566	1
110571	320	1
175397	380	1
26057	634	1
114224	58	0
63091	376	1
77549	122	0
79021	527	1
90874	662	1
64962	489	0
25327	68	0
47727	593	0
130077	583	1
117652	76	0
198314	492	0
86358	52	0
139081	392	1
31001	463	1
7807	124	1
3565	454	0
119356	540	1
43188	113	0
48476	242	0
54502	565	0
70344	134	0
91709	284	0
75386	431	1
64772	376	1
147847	383	1
26785	103	0
163086	459	0
156278	369	0
120613	608	0
71990	376	1
14237	463	1
7271	553	1
78410	589	1
51101	28	1
147847	263	0
13033	92	1
84731	428	1
19799	574	0
127185	434	1
87054	452	0
80396	499	0
29939	401	1
95840	384	0
116573	568	1
146397	394	1
45506	448	1
139824	193	0
178886	463	1
28631	658	1
12165	354	0
94377	485	1
45613	644	1
132340	589	0
94672	463	1
116230	475	0
73269	283	0
5518	301	0
69798	29	1
36197	484	1
83771	526	1
18074	612	0
130815	463	1
5466	489	0
120731	410	0
145660	340	0
4646	563	1
86301	393	0
80116	474	1
45506	65	0
124171	214	0
61368	139	0
184754	480	0
70351	92	1
102161	393	1
55205	7	0
113055	630	0
100778	495	0
178886	200	0
97627	324	0
190932	456	0
21847	327	0
192448	568	1
30030	579	1
117450	441	1
49899	132	0
80105	396	1
143029	339	1
197273	168	0
85572	246	0
88170	316	1
113817	151	0
84242	664	1
112006	478	1
144196	125	0
67605	251	0
148487	405	1
9192	566	1
83547	50	0
10515	258	1
11411	301	1
110919	132	1
196897	598	1
3804	634	0
101273	307	0
103571	580	0
154742	474	1
69551	28	1
182811	383	1
153051	437	1
120825	581	0
85358	363	0
188683	376	1
14093	238	0
65160	632	0
193875	376	1
111537	437	1
5277	463	1
83547	513	1
173605	116	0
51047	393	1
195401	7	0
147416	473	1
125864	349	1
98717	154	0
191380	219	0
59648	429	0
191309	409	1
40001	448	1
106297	464	1
67822	607	0
131614	536	1
205	445	1
70993	391	0
114810	362	0
35896	123	0
107612	482	1
176914	626	1
70502	362	0
54291	373	1
181180	281	0
39701	463	1
171929	258	0
57300	86	0
171084	97	0
193302	463	1
119356	150	0
35227	526	1
181105	474	1
91149	225	1
188018	437	1
64962	568	1
13484	139	0
6541	52	0
56225	64	0
183214	392	0
187825	337	0
72772	376	1
101861	448	1
126744	533	1
25062	50	0
97301	28	0
58849	171	1
18297	474	1
174129	601	0
117076	662	0
54070	307	0
180748	408	1
44233	268	0
20172	1	0
6670	637	0
60012	210	0
59448	256	0
129048	511	0
84242	407	0
155895	584	0
172961	408	1
132655	437	1
778	247	0
187564	274	0
63324	596	0
174810	598	0
8571	650	0
87251	466	1
158240	409	1
158689	124	0
56461	445	1
168693	442	1
102808	393	1
63325	149	0
19752	473	1
42331	285	0
120424	475	0
119412	152	0
64354	534	0
105247	459	1
162169	454	1
100970	414	0
54210	383	1
95844	315	0
66563	589	1
173808	472	0
170549	137	0
175545	657	0
109955	466	1
176257	263	0
161572	8	0
164614	422	1
80347	280	0
187825	400	1
112623	527	1
66185	474	1
149539	291	0
4155	377	0
45763	535	1
179011	400	1
120879	665	0
45817	466	1
1203	208	0
53045	478	1
196710	570	1
83004	327	0
13574	349	1
129717	27	0
107348	501	0
40001	653	0
53232	621	0
109181	448	0
117328	445	1
43109	609	1
120061	229	1
108143	358	0
43139	396	1
124640	463	1
116471	618	1
112546	296	0
121685	659	0
184119	474	1
119256	324	0
54680	351	0
93668	583	0
166279	339	1
16331	214	0
139861	586	1
80827	376	1
143849	478	1
126381	545	0
112503	486	1
173578	441	1
91068	389	1
128843	557	0
145289	198	1
150589	308	0
120648	653	0
83264	53	0
84580	474	1
121655	343	1
22305	426	1
116196	141	0
160676	566	1
146375	135	0
150647	502	0
190099	466	1
89477	474	1
45613	366	0
61640	271	0
116573	574	0
57334	567	1
164935	472	0
60351	572	0
23144	426	1
9869	526	1
161328	400	1
171694	74	0
154175	540	1
88533	217	0
95138	386	1
74356	409	1
147714	132	1
57667	649	0
103431	466	1
157473	141	0
142421	612	0
90071	196	0
107334	474	1
46821	194	0
67605	474	1
134868	478	1
109152	373	1
81587	155	0
96539	560	1
126365	254	0
15283	507	0
151353	124	0
192276	145	0
83547	520	1
66284	558	0
145702	73	0
92903	667	0
123097	140	0
98640	479	0
84430	376	1
68742	345	0
123097	367	1
175894	540	1
57858	148	0
135873	597	0
84720	351	0
75192	400	1
94377	410	0
30275	359	1
175093	512	1
17036	569	0
43030	444	0
77378	463	1
122635	444	1
192289	252	0
160746	25	1
5102	376	1
20179	496	1
86987	119	0
72311	618	1
176914	601	0
172416	474	1
106548	474	1
23867	428	1
88260	534	0
38025	124	1
155352	687	0
87698	132	1
29475	50	0
64853	18	0
160640	451	0
171106	193	0
8088	177	0
56997	489	0
44680	566	0
2042	617	0
146232	429	0
108090	519	1
52294	196	0
180018	655	0
109110	333	0
62445	463	1
167481	604	0
71584	466	0
73386	519	0
179109	379	1
33285	613	0
110451	656	0
29349	117	0
133329	416	0
17377	647	0
185145	212	0
73175	148	1
145986	462	0
31601	93	0
182263	474	1
41386	230	0
3905	426	1
185175	8	0
158430	386	1
76843	437	1
180363	376	1
32082	554	0
150165	89	0
85970	563	1
164228	531	0
172551	337	1
105536	479	0
55675	317	0
123961	409	1
107698	478	1
64748	206	0
58973	486	1
187564	383	1
32792	219	0
165098	300	0
122776	593	0
181369	466	1
82849	521	1
10071	75	0
28810	400	1
88438	466	1
53488	658	0
77984	474	1
32851	240	1
100527	657	0
164635	367	1
17417	378	0
146617	225	1
55792	644	1
68436	163	0
63325	463	1
181105	38	0
44536	524	0
75387	431	1
4358	337	1
80979	258	0
190651	196	0
121188	123	0
24410	313	0
119339	672	0
144650	577	0
116608	595	0
109689	242	0
47727	516	1
95527	241	1
163526	372	1
4770	463	1
4537	570	0
160507	490	0
40548	393	0
65412	455	0
34093	464	1
49771	280	1
157922	646	0
172231	466	1
177812	587	1
81072	586	0
58057	500	0
183701	283	0
29511	536	1
104527	409	1
112591	441	1
38992	305	0
25765	540	1
58754	513	1
97833	464	1
44282	553	1
137260	573	0
164459	471	0
83408	608	1
64228	400	1
103431	276	0
100085	464	1
129441	140	0
73638	464	1
65189	132	1
129769	617	1
115108	383	1
32600	574	1
21147	576	1
168863	46	1
27014	376	1
122159	328	0
149169	262	0
63159	202	0
10116	393	1
39140	485	0
198286	77	0
152826	486	1
112148	393	1
69017	614	0
21874	507	1
108180	512	1
89418	281	1
35252	89	0
132278	365	0
148703	383	1
121655	354	0
24049	115	0
164483	87	0
68365	305	0
149539	349	1
197658	312	0
125940	506	1
195457	320	0
48935	474	1
164148	337	1
72311	265	0
107125	509	0
98328	327	0
151738	319	0
134999	442	1
46901	118	0
85384	526	1
84687	501	0
20582	188	0
163543	106	1
5160	170	0
111347	409	1
66766	540	1
18858	279	1
61124	50	0
127386	275	0
70502	463	1
80105	77	0
167746	563	1
59605	696	0
47639	486	1
116932	359	1
5319	216	0
104424	52	1
166355	82	0
13574	649	0
133223	400	1
104297	343	1
128770	606	1
160842	177	0
128598	376	1
189256	132	1
161234	217	0
103498	172	0
191006	376	1
67822	282	1
65408	606	1
121890	474	1
26645	229	1
116412	393	1
127905	46	0
190359	452	1
64853	380	1
171929	437	1
56225	618	1
173918	466	1
178569	616	0
4358	408	0
157473	463	1
53919	466	1
90816	380	1
62685	77	0
64380	356	1
90173	442	1
49476	239	0
20172	545	1
9536	376	1
86890	570	0
4076	279	1
91530	460	1
82626	399	1
155352	359	1
80979	608	1
97655	160	0
18672	257	0
167452	431	0
107741	447	0
30866	349	1
162253	219	1
87808	665	0
140183	157	1
58742	590	1
23355	29	0
104173	213	0
103730	448	1
10540	692	1
137463	463	1
45702	676	0
197411	150	1
98867	621	0
142237	568	1
130156	202	1
109136	225	0
64477	111	0
42068	219	0
34882	478	1
16397	376	1
1842	540	1
156533	100	0
86247	338	0
140268	527	1
7729	349	1
52761	244	1
10337	583	1
36196	477	1
25663	245	0
24529	437	1
57858	389	1
159936	486	1
114273	463	1
150013	441	1
186594	76	0
51799	208	0
51668	23	0
110919	640	0
71495	415	0
34882	312	0
96821	510	0
63091	284	0
107698	299	0
36231	450	1
54291	152	0
153552	696	0
198899	332	0
17552	131	0
150165	434	1
62454	83	0
76338	376	1
4776	694	1
166598	466	1
162712	3	0
146375	463	1
120613	393	1
32683	595	0
60624	463	1
82573	373	1
70818	121	0
163831	428	1
20865	379	1
77310	34	0
18698	420	1
47913	163	0
73269	463	1
55208	425	0
79021	206	0
57300	383	1
162253	379	0
142615	125	0
98371	57	0
51957	521	0
134413	24	0
32322	474	1
107348	213	1
16819	349	1
91882	393	1
151116	423	1
78430	448	1
56076	523	0
19942	577	0
185380	196	0
42519	265	0
133223	427	0
61640	346	1
49771	103	0
48476	526	1
30117	616	1
67012	585	1
162321	460	0
68436	309	1
17377	463	1
178952	694	1
194469	474	1
52531	474	1
83452	376	1
50636	132	1
63510	421	0
144063	452	1
151369	435	0
171558	410	0
11865	562	0
20536	368	1
61094	424	0
176741	204	1
34882	451	0
79818	463	0
87422	257	0
79159	526	1
174814	163	0
149803	228	0
164935	349	1
97229	379	1
139720	348	1
137463	570	0
30321	466	1
48032	653	0
128770	426	0
159930	535	0
84835	463	1
168928	459	1
146495	444	1
189804	110	0
86021	666	1
108143	678	1
28277	172	0
145774	595	0
10275	335	1
30560	586	1
84720	513	1
65100	686	0
132030	132	1
87528	189	0
124194	474	1
62875	397	1
87228	571	0
84430	118	0
21042	613	0
125330	437	1
115786	169	0
117118	530	0
135929	235	0
19324	258	1
125132	434	1
148273	647	0
50625	176	0
30272	423	0
25765	454	0
95840	606	1
106085	445	1
136033	444	0
72333	198	1
195986	327	1
160842	442	1
71651	383	1
77304	530	0
34632	379	1
120417	349	1
197582	94	1
65750	527	1
182305	431	0
193451	463	1
22917	568	1
57126	124	0
146628	474	1
56076	383	1
74632	254	0
179065	29	0
186674	517	0
65420	139	0
2734	441	0
14225	399	1
50782	533	1
185901	507	0
136147	509	0
42355	622	0
6508	248	0
3905	457	0
108655	387	0
95138	665	0
70766	489	0
21080	239	0
17110	288	0
34632	415	0
65614	556	0
81790	575	0
11385	553	1
170388	95	0
43792	599	0
53329	389	1
48409	152	0
65473	618	1
89477	465	0
44536	399	1
84917	560	0
121463	399	1
19357	239	0
59951	312	0
163675	157	0
6228	352	0
71278	463	1
56941	642	1
163365	349	1
117209	608	1
42607	41	0
64176	635	1
29475	383	1
68850	303	0
56997	401	1
39991	115	0
88502	608	0
17661	45	0
110082	478	1
109681	568	0
33285	470	1
184754	148	1
132637	463	1
162299	181	1
13066	223	0
129963	540	1
70636	501	1
138902	405	1
112623	331	0
184119	183	0
8974	437	1
197534	408	0
67736	179	0
51809	542	0
131614	598	0
29577	565	1
157265	478	1
47316	474	1
49913	45	0
60538	383	1
144155	125	0
92346	351	0
62640	540	1
35926	236	1
1994	46	1
26169	676	0
163975	645	0
118368	441	1
103698	204	1
74435	625	0
191309	630	0
198120	463	1
191900	292	1
16584	462	0
102523	355	1
87240	368	0
145675	564	0
162928	644	1
23030	513	1
109955	293	0
198448	519	0
64427	261	1
20144	474	1
174592	106	1
150013	674	0
170594	132	1
141255	166	0
142310	441	1
81247	370	1
44444	44	0
173918	226	0
85895	592	1
197696	381	1
171084	279	1
125330	254	0
10148	349	1
193629	373	0
132891	463	1
58742	121	0
15228	348	0
177613	195	0
135784	603	0
132655	445	0
198120	401	0
162920	192	0
25203	364	0
83547	563	0
133725	198	1
163088	375	1
129372	572	1
104061	492	1
72959	317	0
121052	674	0
32683	532	1
24215	546	0
121982	9	0
34676	525	0
74158	356	1
162383	464	0
2964	489	1
128315	485	1
129565	494	1
132144	277	0
169058	478	1
69017	397	1
185145	474	1
154750	464	1
125953	428	0
128563	116	0
40548	402	1
65100	400	1
57334	12	0
48025	526	1
103712	442	1
81804	376	1
195861	32	1
197534	328	1
170549	466	1
164148	233	0
85308	623	1
65750	347	0
92656	376	1
75840	549	0
182811	102	0
59535	614	1
22360	442	1
180335	334	0
179399	437	0
41626	183	0
178569	464	1
109177	541	0
155802	466	1
26869	514	1
92656	564	0
119256	420	1
75386	614	0
128774	397	1
163947	490	0
94714	198	0
155558	152	0
185697	437	1
79339	520	0
17062	149	1
2120	241	1
158360	48	0
133212	19	0
188967	661	0
52630	362	0
19651	349	1
71163	520	1
176545	376	1
71512	221	0
155975	505	0
161572	551	1
182956	461	0
187285	190	0
8266	147	0
26510	377	1
186288	170	0
7831	435	0
128617	486	1
27423	10	0
16819	601	0
31968	574	1
139824	441	1
87998	514	0
79055	156	0
41889	382	1
29476	441	1
191172	359	1
115029	376	1
160453	474	1
117652	473	1
74625	408	1
169289	122	1
111087	91	0
73831	411	0
103748	389	1
10148	112	0
169210	536	1
63969	463	1
19346	485	1
131523	88	0
106236	338	0
139081	571	0
169289	376	0
177467	393	0
72470	406	0
105091	526	1
53232	466	1
51866	15	0
134890	61	0
103136	383	1
60548	463	1
20043	447	0
114751	376	1
149929	448	1
73656	28	1
100778	442	1
20536	409	0
36398	677	0
140025	229	0
92346	442	1
83414	367	0
183187	464	1
180267	151	0
189256	6	0
134890	432	1
172365	128	0
48838	39	0
70351	39	0
117118	618	1
199166	225	1
105786	587	1
49569	463	1
110022	38	0
180018	460	1
3709	359	1
188695	463	1
152804	370	1
110275	442	1
98717	464	1
123063	540	1
36855	673	0
153625	478	1
15821	472	1
115786	373	1
137260	442	1
143818	148	1
44265	3	0
105612	379	1
23506	65	0
114678	478	1
154066	606	0
152467	464	1
161842	292	0
57307	648	0
22305	330	0
26664	87	0
103466	508	0
134454	200	0
162880	460	1
188739	463	1
85927	567	0
115501	381	1
46022	437	1
80396	435	1
111087	466	1
157445	26	1
191172	259	0
114633	388	1
85202	410	1
142206	442	1
147445	180	0
74827	420	0
157853	376	1
130910	634	0
19346	163	0
84580	649	0
52371	466	1
182914	441	1
134454	171	1
31709	343	1
139665	423	0
86301	343	1
145675	353	1
26355	47	0
45206	379	1
152307	181	1
117450	685	0
126645	379	1
53792	397	1
167452	415	1
10240	666	1
67585	535	0
19868	478	1
52940	513	1
174602	422	1
164879	464	1
47089	239	0
98373	343	1
47316	370	0
182956	124	1
18588	256	0
124171	279	0
1288	349	1
66445	408	0
139413	636	0
54173	478	1
157853	676	0
5646	345	0
140742	618	1
85227	3	0
124466	463	1
178280	448	1
75160	510	0
194210	232	0
14667	687	0
24622	426	1
26510	673	0
53919	185	0
174507	383	1
158360	591	1
29476	84	0
120825	568	1
155328	372	0
52687	372	1
100109	602	0
160412	10	0
37902	176	0
107962	141	0
86111	640	0
80318	437	1
5870	376	1
120417	672	0
108327	376	1
166069	369	0
167254	448	1
53488	340	1
192448	662	0
49363	232	0
97197	20	0
31169	603	0
191006	533	0
32394	435	1
189908	282	0
90816	430	0
157057	643	0
74158	667	0
66330	77	0
57985	472	0
166370	482	0
174073	463	1
75629	485	1
149826	441	1
146232	444	1
97353	536	1
128293	697	0
44321	498	0
105392	201	0
126139	564	0
168324	466	1
117209	297	0
82669	464	1
99012	580	0
161668	409	1
100352	478	1
47917	341	0
111806	74	0
114972	584	0
112827	1	1
191900	316	0
127791	409	1
182259	370	1
42607	474	1
190881	382	0
104061	307	0
59648	466	1
111808	117	0
112546	129	1
10240	624	0
188208	106	1
10515	480	0
136033	437	1
136800	545	1
15213	486	1
124466	311	0
6046	400	1
134999	32	0
90240	376	1
65128	568	1
74581	464	1
130957	445	0
24755	328	1
74625	582	0
131189	694	0
31917	64	1
130126	437	1
128617	188	0
55214	381	1
150707	568	1
79339	428	1
141578	404	0
97620	145	0
186856	161	0
83517	259	0
139978	78	0
23902	377	1
75483	470	0
160676	63	0
46097	40	0
129565	465	0
95848	119	0
70818	485	1
74090	507	0
120083	448	1
193006	420	1
92196	376	1
59448	349	1
27661	478	1
194210	466	1
108152	444	1
142327	90	0
111335	395	1
156409	376	1
90874	27	0
161328	129	0
190019	442	1
89621	29	1
44265	378	1
162634	117	0
52710	209	0
30275	314	0
96695	560	1
198215	457	0
52168	545	1
125953	486	1
125417	463	1
6046	38	0
82324	352	0
28501	363	0
122161	463	1
60703	560	1
120817	458	0
30030	40	0
168074	442	1
119529	81	0
164236	466	1
111167	602	0
139128	376	1
21761	30	0
93627	65	0
162878	442	1
106535	376	1
125864	264	0
187834	10	0
107081	554	0
150641	216	1
30560	666	0
26966	696	0
17154	377	1
123410	504	0
167771	644	1
181155	437	1
14150	600	0
129225	474	1
100111	331	0
57258	132	1
107554	322	0
149169	344	1
94384	383	1
49630	644	0
183608	655	0
178763	148	1
112148	28	0
43778	543	0
65483	432	1
121188	485	1
159607	194	0
48429	329	0
105536	383	1
64580	463	1
39608	613	0
157445	330	0
18387	590	1
80838	0	0
107211	380	1
104424	645	0
77310	148	1
43109	457	0
108686	360	1
117499	108	0
100320	337	1
135658	204	1
35368	612	0
114633	340	0
129372	602	0
21107	574	1
138616	617	1
72130	592	1
151566	474	1
142646	360	1
155558	602	1
193986	532	0
90533	463	1
106555	391	0
12977	383	1
81834	510	1
186288	441	1
19805	478	1
112827	310	0
94384	301	0
26869	299	0
129934	617	0
151822	687	0
15213	684	0
185697	408	0
171106	434	1
153884	288	0
168863	96	0
109812	284	0
136313	124	1
80808	517	1
44806	463	1
32860	309	0
155802	171	0
22607	447	1
163427	482	1
43776	437	1
161803	474	1
171443	31	0
79650	405	1
197916	343	0
80827	61	0
53792	400	0
154782	386	1
6977	463	1
181038	654	0
188739	149	0
634	376	1
11423	296	0
96821	442	1
163088	340	0
42431	342	0
179636	434	0
6677	303	0
178007	621	0
92283	694	0
107612	563	0
198448	395	1
197411	11	0
151369	132	1
135658	45	0
71213	140	1
43030	181	1
120424	474	1
27204	479	0
52687	643	0
84468	628	0
6670	569	1
81038	492	1
191120	50	0
108655	478	1
161898	617	1
49143	236	0
176695	463	0
76913	219	0
58249	464	1
105392	444	1
77267	697	0
6232	527	1
118113	344	0
174904	347	0
170385	442	1
36363	232	0
76275	125	1
10110	648	0
39880	574	1
135862	463	1
105091	48	0
4776	462	0
141105	357	1
139413	204	1
167481	442	1
82383	92	0
59535	293	0
160640	258	1
97718	287	0
72333	48	0
32792	580	1
72237	678	0
9835	556	0
26785	657	1
191029	163	0
181822	495	0
91004	444	1
157558	464	1
197115	437	1
194026	12	0
175196	549	0
80460	466	1
145825	37	0
74859	466	1
95527	103	0
148349	478	1
88101	313	0
62267	163	0
21739	473	1
157310	486	0
162878	142	0
63740	540	1
61787	376	1
34906	211	0
188695	686	0
73129	486	1
155730	172	0
90071	223	1
194293	426	1
106359	655	0
184463	163	0
132639	414	0
150651	474	1
103940	470	1
4562	376	1
113264	285	0
111267	187	0
634	333	0
131933	547	0
132030	219	0
81072	502	1
91540	526	1
35505	205	0
60624	691	0
97663	56	0
71584	229	1
53035	129	1
48838	694	0
143818	177	0
49102	186	0
32600	31	0
114810	398	1
109974	400	1
61247	456	0
63324	445	1
79015	287	0
51851	633	0
38110	697	0
127267	496	0
46901	376	1
22360	608	0
148071	152	0
195259	574	0
153625	279	0
188808	198	1
103712	175	0
87689	572	0
106085	417	0
103466	25	1
63477	474	1
76295	349	1
171489	622	0
8703	464	1
75240	263	0
178973	134	0
16331	444	1
116410	132	1
61787	489	0
4321	133	0
120944	360	1
142646	452	0
52761	478	0
80940	540	1
113055	204	1
178182	192	0
182922	195	1
90405	383	1
134411	445	0
70604	615	0
130588	646	0
134551	376	1
105123	126	0
85970	28	0
39608	46	1
46609	486	1
33955	225	1
53612	372	1
159936	585	0
136147	349	1
81496	340	1
43778	474	1
49695	435	1
108657	84	0
35437	290	0
24410	547	1
176565	368	1
135094	464	1
1994	301	0
88533	678	1
187099	400	1
68526	582	0
55976	393	1
149239	376	0
21874	658	0
129232	618	1
171443	442	1
177177	463	1
89056	327	0
71890	527	0
126542	58	0
24900	349	1
61308	338	0
71278	284	0
3565	377	1
98371	442	1
56506	337	1
37572	463	1
81262	493	0
163975	463	1
38775	568	1
117491	568	1
84917	463	1
179636	376	1
126744	581	0
52630	63	1
73603	635	0
161971	346	0
181822	225	1
58873	391	0
133570	463	1
172197	383	1
93834	148	1
54890	464	1
93834	166	0
49102	448	1
152017	140	1
173736	437	1
166279	55	0
100771	432	0
178846	547	0
65444	27	0
130069	441	1
154091	478	1
46037	285	0
37937	204	1
195156	271	0
75666	372	1
166855	187	0
145289	574	0
91540	136	0
21126	587	1
154979	328	0
144780	133	0
143782	96	0
119445	228	0
9646	573	0
66185	336	0
175073	659	1
60012	435	1
92470	474	1
116608	148	1
155283	383	1
109974	613	0
160005	442	0
180600	522	1
133660	172	0
29577	233	0
160453	408	0
193072	97	0
139124	463	1
49630	132	1
181180	478	1
5160	261	1
170594	321	0
103571	379	1
186856	370	1
54022	213	1
179449	587	1
186445	540	1
59384	665	0
45763	426	0
80340	617	1
25663	545	1
171802	453	0
151566	669	0
64380	599	0
61962	250	0
134868	244	0
61939	474	1
75192	663	0
11563	135	1
138542	436	1
42427	26	0
135039	647	0
62640	8	0
182408	474	1
99061	241	0
48107	540	1
29142	628	0
64354	455	1
164160	257	1
1563	464	1
156712	510	0
98482	513	1
110451	466	1
90555	389	1
112932	266	0
119445	241	1
33938	29	0
113681	618	1
112205	376	1
122776	377	1
176695	565	1
19942	564	1
108285	556	0
142256	171	1
194026	553	1
21133	378	1
73239	215	0
15134	575	0
68245	397	1
113817	383	1
25595	198	1
100453	400	1
25062	474	1
124688	109	0
66349	204	1
176949	349	1
147445	383	1
8974	170	0
65147	315	0
160508	537	0
52107	446	0
267	257	1
173359	44	0
195457	428	1
156278	463	1
106463	371	0
75713	339	1
60816	464	1
168612	543	0
88701	370	1
123665	474	1
189190	349	1
147714	435	0
29394	567	1
33149	377	1
196163	590	1
77031	417	1
127388	426	1
136383	527	1
161971	422	1
56470	372	1
38025	637	0
26057	574	0
196141	148	1
71990	202	0
31709	274	0
85308	312	0
163947	587	1
159607	463	1
64228	534	0
53917	187	0
94805	386	0
103443	618	1
99091	486	1
24294	538	1
32082	463	1
144309	100	0
59831	463	1
130408	400	1
126055	355	1
151822	464	1
163133	360	1
179109	393	0
182914	432	0
103443	237	0
24900	430	0
133660	139	1
187285	474	1
170725	79	0
1619	437	1
168612	315	1
71798	533	1
